 ivec3(0, 0, 0) 0        
 ivec3(1, 0, 0) 1        
 ivec3(2, 0, 0) 2        
 ivec3(3, 0, 0) 3        
 ivec3(4, 0, 0) 4        
 ivec3(5, 0, 0) 5        
 ivec3(6, 0, 0) 6        
 ivec3(7, 0, 0) 7        
 ivec3(8, 0, 0) 8        
 ivec3(9, 0, 0) 9        
 ivec3(10, 0, 0) 10       
 ivec3(11, 0, 0) 11       
 ivec3(12, 0, 0) 12       
 ivec3(13, 0, 0) 13       
 ivec3(0, 0, 1) 14       
 ivec3(1, 0, 1) 15       
 ivec3(2, 0, 1) 16       
 ivec3(3, 0, 1) 17       
 ivec3(4, 0, 1) 18       
 ivec3(5, 0, 1) 19       
 ivec3(6, 0, 1) 20       
 ivec3(7, 0, 1) 21       
 ivec3(8, 0, 1) 22       
 ivec3(9, 0, 1) 23       
 ivec3(10, 0, 1) 24       
 ivec3(11, 0, 1) 25       
 ivec3(12, 0, 1) 26       
 ivec3(13, 0, 1) 27       
 ivec3(0, 0, 2) 28       
 ivec3(1, 0, 2) 29       
 ivec3(2, 0, 2) 30       
 ivec3(3, 0, 2) 31       
 ivec3(4, 0, 2) 32       
 ivec3(5, 0, 2) 33       
 ivec3(6, 0, 2) 34       
 ivec3(7, 0, 2) 35       
 ivec3(8, 0, 2) 36       
 ivec3(9, 0, 2) 37       
 ivec3(10, 0, 2) 38       
 ivec3(11, 0, 2) 39       
 ivec3(12, 0, 2) 40       
 ivec3(13, 0, 2) 41       
 ivec3(0, 0, 3) 42       
 ivec3(1, 0, 3) 43       
 ivec3(2, 0, 3) 44       
 ivec3(3, 0, 3) 45       
 ivec3(4, 0, 3) 46       
 ivec3(5, 0, 3) 47       
 ivec3(6, 0, 3) 48       
 ivec3(7, 0, 3) 49       
 ivec3(8, 0, 3) 50       
 ivec3(9, 0, 3) 51       
 ivec3(10, 0, 3) 52       
 ivec3(11, 0, 3) 53       
 ivec3(12, 0, 3) 54       
 ivec3(13, 0, 3) 55       
 ivec3(0, 0, 4) 56       
 ivec3(1, 0, 4) 57       
 ivec3(2, 0, 4) 58       
 ivec3(3, 0, 4) 59       
 ivec3(4, 0, 4) 60       
 ivec3(5, 0, 4) 61       
 ivec3(6, 0, 4) 62       
 ivec3(7, 0, 4) 63       
 ivec3(8, 0, 4) 64       
 ivec3(9, 0, 4) 65       
 ivec3(10, 0, 4) 66       
 ivec3(11, 0, 4) 67       
 ivec3(12, 0, 4) 68       
 ivec3(13, 0, 4) 69       
 ivec3(0, 0, 5) 70       
 ivec3(1, 0, 5) 71       
 ivec3(2, 0, 5) 72       
 ivec3(3, 0, 5) 73       
 ivec3(4, 0, 5) 74       
 ivec3(5, 0, 5) 75       
 ivec3(6, 0, 5) 76       
 ivec3(7, 0, 5) 77       
 ivec3(8, 0, 5) 78       
 ivec3(9, 0, 5) 79       
 ivec3(10, 0, 5) 80       
 ivec3(11, 0, 5) 81       
 ivec3(12, 0, 5) 82       
 ivec3(13, 0, 5) 83       
 ivec3(0, 0, 6) 84       
 ivec3(1, 0, 6) 85       
 ivec3(2, 0, 6) 86       
 ivec3(3, 0, 6) 87       
 ivec3(4, 0, 6) 88       
 ivec3(5, 0, 6) 89       
 ivec3(6, 0, 6) 90       
 ivec3(7, 0, 6) 91       
 ivec3(8, 0, 6) 92       
 ivec3(9, 0, 6) 93       
 ivec3(10, 0, 6) 94       
 ivec3(11, 0, 6) 95       
 ivec3(12, 0, 6) 96       
 ivec3(13, 0, 6) 97       
 ivec3(0, 0, 7) 98       
 ivec3(1, 0, 7) 99       
 ivec3(2, 0, 7) 100      
 ivec3(3, 0, 7) 101      
 ivec3(4, 0, 7) 102      
 ivec3(5, 0, 7) 103      
 ivec3(6, 0, 7) 104      
 ivec3(7, 0, 7) 105      
 ivec3(8, 0, 7) 106      
 ivec3(9, 0, 7) 107      
 ivec3(10, 0, 7) 108      
 ivec3(11, 0, 7) 109      
 ivec3(12, 0, 7) 110      
 ivec3(13, 0, 7) 111      
 ivec3(0, 0, 8) 112      
 ivec3(1, 0, 8) 113      
 ivec3(2, 0, 8) 114      
 ivec3(3, 0, 8) 115      
 ivec3(4, 0, 8) 116      
 ivec3(5, 0, 8) 117      
 ivec3(6, 0, 8) 118      
 ivec3(7, 0, 8) 119      
 ivec3(8, 0, 8) 120      
 ivec3(9, 0, 8) 121      
 ivec3(10, 0, 8) 122      
 ivec3(11, 0, 8) 123      
 ivec3(12, 0, 8) 124      
 ivec3(13, 0, 8) 125      
 ivec3(0, 0, 9) 126      
 ivec3(1, 0, 9) 127      
 ivec3(2, 0, 9) 128      
 ivec3(3, 0, 9) 129      
 ivec3(4, 0, 9) 130      
 ivec3(5, 0, 9) 131      
 ivec3(6, 0, 9) 132      
 ivec3(7, 0, 9) 133      
 ivec3(8, 0, 9) 134      
 ivec3(9, 0, 9) 135      
 ivec3(10, 0, 9) 136      
 ivec3(11, 0, 9) 137      
 ivec3(12, 0, 9) 138      
 ivec3(13, 0, 9) 139      
 ivec3(0, 0, 10) 140      
 ivec3(1, 0, 10) 141      
 ivec3(2, 0, 10) 142      
 ivec3(3, 0, 10) 143      
 ivec3(4, 0, 10) 144      
 ivec3(5, 0, 10) 145      
 ivec3(6, 0, 10) 146      
 ivec3(7, 0, 10) 147      
 ivec3(8, 0, 10) 148      
 ivec3(9, 0, 10) 149      
 ivec3(10, 0, 10) 150      
 ivec3(11, 0, 10) 151      
 ivec3(12, 0, 10) 152      
 ivec3(13, 0, 10) 153      
 ivec3(0, 0, 11) 154      
 ivec3(1, 0, 11) 155      
 ivec3(2, 0, 11) 156      
 ivec3(3, 0, 11) 157      
 ivec3(4, 0, 11) 158      
 ivec3(5, 0, 11) 159      
 ivec3(6, 0, 11) 160      
 ivec3(7, 0, 11) 161      
 ivec3(8, 0, 11) 162      
 ivec3(9, 0, 11) 163      
 ivec3(10, 0, 11) 164      
 ivec3(11, 0, 11) 165      
 ivec3(12, 0, 11) 166      
 ivec3(13, 0, 11) 167      
 ivec3(0, 0, 12) 168      
 ivec3(1, 0, 12) 169      
 ivec3(2, 0, 12) 170      
 ivec3(3, 0, 12) 171      
 ivec3(4, 0, 12) 172      
 ivec3(5, 0, 12) 173      
 ivec3(6, 0, 12) 174      
 ivec3(7, 0, 12) 175      
 ivec3(8, 0, 12) 176      
 ivec3(9, 0, 12) 177      
 ivec3(10, 0, 12) 178      
 ivec3(11, 0, 12) 179      
 ivec3(12, 0, 12) 180      
 ivec3(13, 0, 12) 181      
 ivec3(0, 0, 13) 182      
 ivec3(1, 0, 13) 183      
 ivec3(2, 0, 13) 184      
 ivec3(3, 0, 13) 185      
 ivec3(4, 0, 13) 186      
 ivec3(5, 0, 13) 187      
 ivec3(6, 0, 13) 188      
 ivec3(7, 0, 13) 189      
 ivec3(8, 0, 13) 190      
 ivec3(9, 0, 13) 191      
 ivec3(10, 0, 13) 192      
 ivec3(11, 0, 13) 193      
 ivec3(12, 0, 13) 194      
 ivec3(13, 0, 13) 195      
 ivec3(0, 1, 0) 196      
 ivec3(1, 1, 0) 197      
 ivec3(2, 1, 0) 198      
 ivec3(3, 1, 0) 199      
 ivec3(4, 1, 0) 200      
 ivec3(5, 1, 0) 201      
 ivec3(6, 1, 0) 202      
 ivec3(7, 1, 0) 203      
 ivec3(8, 1, 0) 204      
 ivec3(9, 1, 0) 205      
 ivec3(10, 1, 0) 206      
 ivec3(11, 1, 0) 207      
 ivec3(12, 1, 0) 208      
 ivec3(13, 1, 0) 209      
 ivec3(0, 1, 1) 210      
 ivec3(1, 1, 1) 211      
 ivec3(2, 1, 1) 212      
 ivec3(3, 1, 1) 213      
 ivec3(4, 1, 1) 214      
 ivec3(5, 1, 1) 215      
 ivec3(6, 1, 1) 216      
 ivec3(7, 1, 1) 217      
 ivec3(8, 1, 1) 218      
 ivec3(9, 1, 1) 219      
 ivec3(10, 1, 1) 220      
 ivec3(11, 1, 1) 221      
 ivec3(12, 1, 1) 222      
 ivec3(13, 1, 1) 223      
 ivec3(0, 1, 2) 224      
 ivec3(1, 1, 2) 225      
 ivec3(2, 1, 2) 226      
 ivec3(3, 1, 2) 227      
 ivec3(4, 1, 2) 228      
 ivec3(5, 1, 2) 229      
 ivec3(6, 1, 2) 230      
 ivec3(7, 1, 2) 231      
 ivec3(8, 1, 2) 232      
 ivec3(9, 1, 2) 233      
 ivec3(10, 1, 2) 234      
 ivec3(11, 1, 2) 235      
 ivec3(12, 1, 2) 236      
 ivec3(13, 1, 2) 237      
 ivec3(0, 1, 3) 238      
 ivec3(1, 1, 3) 239      
 ivec3(2, 1, 3) 240      
 ivec3(3, 1, 3) 241      
 ivec3(4, 1, 3) 242      
 ivec3(5, 1, 3) 243      
 ivec3(6, 1, 3) 244      
 ivec3(7, 1, 3) 245      
 ivec3(8, 1, 3) 246      
 ivec3(9, 1, 3) 247      
 ivec3(10, 1, 3) 248      
 ivec3(11, 1, 3) 249      
 ivec3(12, 1, 3) 250      
 ivec3(13, 1, 3) 251      
 ivec3(0, 1, 4) 252      
 ivec3(1, 1, 4) 253      
 ivec3(2, 1, 4) 254      
 ivec3(3, 1, 4) 255      
 ivec3(4, 1, 4) 256      
 ivec3(5, 1, 4) 257      
 ivec3(6, 1, 4) 258      
 ivec3(7, 1, 4) 259      
 ivec3(8, 1, 4) 260      
 ivec3(9, 1, 4) 261      
 ivec3(10, 1, 4) 262      
 ivec3(11, 1, 4) 263      
 ivec3(12, 1, 4) 264      
 ivec3(13, 1, 4) 265      
 ivec3(0, 1, 5) 266      
 ivec3(1, 1, 5) 267      
 ivec3(2, 1, 5) 268      
 ivec3(3, 1, 5) 269      
 ivec3(4, 1, 5) 270      
 ivec3(5, 1, 5) 271      
 ivec3(6, 1, 5) 272      
 ivec3(7, 1, 5) 273      
 ivec3(8, 1, 5) 274      
 ivec3(9, 1, 5) 275      
 ivec3(10, 1, 5) 276      
 ivec3(11, 1, 5) 277      
 ivec3(12, 1, 5) 278      
 ivec3(13, 1, 5) 279      
 ivec3(0, 1, 6) 280      
 ivec3(1, 1, 6) 281      
 ivec3(2, 1, 6) 282      
 ivec3(3, 1, 6) 283      
 ivec3(4, 1, 6) 284      
 ivec3(5, 1, 6) 285      
 ivec3(6, 1, 6) 286      
 ivec3(7, 1, 6) 287      
 ivec3(8, 1, 6) 288      
 ivec3(9, 1, 6) 289      
 ivec3(10, 1, 6) 290      
 ivec3(11, 1, 6) 291      
 ivec3(12, 1, 6) 292      
 ivec3(13, 1, 6) 293      
 ivec3(0, 1, 7) 294      
 ivec3(1, 1, 7) 295      
 ivec3(2, 1, 7) 296      
 ivec3(3, 1, 7) 297      
 ivec3(4, 1, 7) 298      
 ivec3(5, 1, 7) 299      
 ivec3(6, 1, 7) 300      
 ivec3(7, 1, 7) 301      
 ivec3(8, 1, 7) 302      
 ivec3(9, 1, 7) 303      
 ivec3(10, 1, 7) 304      
 ivec3(11, 1, 7) 305      
 ivec3(12, 1, 7) 306      
 ivec3(13, 1, 7) 307      
 ivec3(0, 1, 8) 308      
 ivec3(1, 1, 8) 309      
 ivec3(2, 1, 8) 310      
 ivec3(3, 1, 8) 311      
 ivec3(4, 1, 8) 312      
 ivec3(5, 1, 8) 313      
 ivec3(6, 1, 8) 314      
 ivec3(7, 1, 8) 315      
 ivec3(8, 1, 8) 316      
 ivec3(9, 1, 8) 317      
 ivec3(10, 1, 8) 318      
 ivec3(11, 1, 8) 319      
 ivec3(12, 1, 8) 320      
 ivec3(13, 1, 8) 321      
 ivec3(0, 1, 9) 322      
 ivec3(1, 1, 9) 323      
 ivec3(2, 1, 9) 324      
 ivec3(3, 1, 9) 325      
 ivec3(4, 1, 9) 326      
 ivec3(5, 1, 9) 327      
 ivec3(6, 1, 9) 328      
 ivec3(7, 1, 9) 329      
 ivec3(8, 1, 9) 330      
 ivec3(9, 1, 9) 331      
 ivec3(10, 1, 9) 332      
 ivec3(11, 1, 9) 333      
 ivec3(12, 1, 9) 334      
 ivec3(13, 1, 9) 335      
 ivec3(0, 1, 10) 336      
 ivec3(1, 1, 10) 337      
 ivec3(2, 1, 10) 338      
 ivec3(3, 1, 10) 339      
 ivec3(4, 1, 10) 340      
 ivec3(5, 1, 10) 341      
 ivec3(6, 1, 10) 342      
 ivec3(7, 1, 10) 343      
 ivec3(8, 1, 10) 344      
 ivec3(9, 1, 10) 345      
 ivec3(10, 1, 10) 346      
 ivec3(11, 1, 10) 347      
 ivec3(12, 1, 10) 348      
 ivec3(13, 1, 10) 349      
 ivec3(0, 1, 11) 350      
 ivec3(1, 1, 11) 351      
 ivec3(2, 1, 11) 352      
 ivec3(3, 1, 11) 353      
 ivec3(4, 1, 11) 354      
 ivec3(5, 1, 11) 355      
 ivec3(6, 1, 11) 356      
 ivec3(7, 1, 11) 357      
 ivec3(8, 1, 11) 358      
 ivec3(9, 1, 11) 359      
 ivec3(10, 1, 11) 360      
 ivec3(11, 1, 11) 361      
 ivec3(12, 1, 11) 362      
 ivec3(13, 1, 11) 363      
 ivec3(0, 1, 12) 364      
 ivec3(1, 1, 12) 365      
 ivec3(2, 1, 12) 366      
 ivec3(3, 1, 12) 367      
 ivec3(4, 1, 12) 368      
 ivec3(5, 1, 12) 369      
 ivec3(6, 1, 12) 370      
 ivec3(7, 1, 12) 371      
 ivec3(8, 1, 12) 372      
 ivec3(9, 1, 12) 373      
 ivec3(10, 1, 12) 374      
 ivec3(11, 1, 12) 375      
 ivec3(12, 1, 12) 376      
 ivec3(13, 1, 12) 377      
 ivec3(0, 1, 13) 378      
 ivec3(1, 1, 13) 379      
 ivec3(2, 1, 13) 380      
 ivec3(3, 1, 13) 381      
 ivec3(4, 1, 13) 382      
 ivec3(5, 1, 13) 383      
 ivec3(6, 1, 13) 384      
 ivec3(7, 1, 13) 385      
 ivec3(8, 1, 13) 386      
 ivec3(9, 1, 13) 387      
 ivec3(10, 1, 13) 388      
 ivec3(11, 1, 13) 389      
 ivec3(12, 1, 13) 390      
 ivec3(13, 1, 13) 391      
 ivec3(0, 2, 0) 392      
 ivec3(1, 2, 0) 393      
 ivec3(2, 2, 0) 394      
 ivec3(3, 2, 0) 395      
 ivec3(4, 2, 0) 396      
 ivec3(5, 2, 0) 397      
 ivec3(6, 2, 0) 398      
 ivec3(7, 2, 0) 399      
 ivec3(8, 2, 0) 400      
 ivec3(9, 2, 0) 401      
 ivec3(10, 2, 0) 402      
 ivec3(11, 2, 0) 403      
 ivec3(12, 2, 0) 404      
 ivec3(13, 2, 0) 405      
 ivec3(0, 2, 1) 406      
 ivec3(1, 2, 1) 407      
 ivec3(2, 2, 1) 408      
 ivec3(3, 2, 1) 409      
 ivec3(4, 2, 1) 410      
 ivec3(5, 2, 1) 411      
 ivec3(6, 2, 1) 412      
 ivec3(7, 2, 1) 413      
 ivec3(8, 2, 1) 414      
 ivec3(9, 2, 1) 415      
 ivec3(10, 2, 1) 416      
 ivec3(11, 2, 1) 417      
 ivec3(12, 2, 1) 418      
 ivec3(13, 2, 1) 419      
 ivec3(0, 2, 2) 420      
 ivec3(1, 2, 2) 421      
 ivec3(2, 2, 2) 422      
 ivec3(3, 2, 2) 423      
 ivec3(4, 2, 2) 424      
 ivec3(5, 2, 2) 425      
 ivec3(6, 2, 2) 426      
 ivec3(7, 2, 2) 427      
 ivec3(8, 2, 2) 428      
 ivec3(9, 2, 2) 429      
 ivec3(10, 2, 2) 430      
 ivec3(11, 2, 2) 431      
 ivec3(12, 2, 2) 432      
 ivec3(13, 2, 2) 433      
 ivec3(0, 2, 3) 434      
 ivec3(1, 2, 3) 435      
 ivec3(2, 2, 3) 436      
 ivec3(3, 2, 3) 437      
 ivec3(4, 2, 3) 438      
 ivec3(5, 2, 3) 439      
 ivec3(6, 2, 3) 440      
 ivec3(7, 2, 3) 441      
 ivec3(8, 2, 3) 442      
 ivec3(9, 2, 3) 443      
 ivec3(10, 2, 3) 444      
 ivec3(11, 2, 3) 445      
 ivec3(12, 2, 3) 446      
 ivec3(13, 2, 3) 447      
 ivec3(0, 2, 4) 448      
 ivec3(1, 2, 4) 449      
 ivec3(2, 2, 4) 450      
 ivec3(3, 2, 4) 451      
 ivec3(4, 2, 4) 452      
 ivec3(5, 2, 4) 453      
 ivec3(6, 2, 4) 454      
 ivec3(7, 2, 4) 455      
 ivec3(8, 2, 4) 456      
 ivec3(9, 2, 4) 457      
 ivec3(10, 2, 4) 458      
 ivec3(11, 2, 4) 459      
 ivec3(12, 2, 4) 460      
 ivec3(13, 2, 4) 461      
 ivec3(0, 2, 5) 462      
 ivec3(1, 2, 5) 463      
 ivec3(2, 2, 5) 464      
 ivec3(3, 2, 5) 465      
 ivec3(4, 2, 5) 466      
 ivec3(5, 2, 5) 467      
 ivec3(6, 2, 5) 468      
 ivec3(7, 2, 5) 469      
 ivec3(8, 2, 5) 470      
 ivec3(9, 2, 5) 471      
 ivec3(10, 2, 5) 472      
 ivec3(11, 2, 5) 473      
 ivec3(12, 2, 5) 474      
 ivec3(13, 2, 5) 475      
 ivec3(0, 2, 6) 476      
 ivec3(1, 2, 6) 477      
 ivec3(2, 2, 6) 478      
 ivec3(3, 2, 6) 479      
 ivec3(4, 2, 6) 480      
 ivec3(5, 2, 6) 481      
 ivec3(6, 2, 6) 482      
 ivec3(7, 2, 6) 483      
 ivec3(8, 2, 6) 484      
 ivec3(9, 2, 6) 485      
 ivec3(10, 2, 6) 486      
 ivec3(11, 2, 6) 487      
 ivec3(12, 2, 6) 488      
 ivec3(13, 2, 6) 489      
 ivec3(0, 2, 7) 490      
 ivec3(1, 2, 7) 491      
 ivec3(2, 2, 7) 492      
 ivec3(3, 2, 7) 493      
 ivec3(4, 2, 7) 494      
 ivec3(5, 2, 7) 495      
 ivec3(6, 2, 7) 496      
 ivec3(7, 2, 7) 497      
 ivec3(8, 2, 7) 498      
 ivec3(9, 2, 7) 499      
 ivec3(10, 2, 7) 500      
 ivec3(11, 2, 7) 501      
 ivec3(12, 2, 7) 502      
 ivec3(13, 2, 7) 503      
 ivec3(0, 2, 8) 504      
 ivec3(1, 2, 8) 505      
 ivec3(2, 2, 8) 506      
 ivec3(3, 2, 8) 507      
 ivec3(4, 2, 8) 508      
 ivec3(5, 2, 8) 509      
 ivec3(6, 2, 8) 510      
 ivec3(7, 2, 8) 511      
 ivec3(8, 2, 8) 512      
 ivec3(9, 2, 8) 513      
 ivec3(10, 2, 8) 514      
 ivec3(11, 2, 8) 515      
 ivec3(12, 2, 8) 516      
 ivec3(13, 2, 8) 517      
 ivec3(0, 2, 9) 518      
 ivec3(1, 2, 9) 519      
 ivec3(2, 2, 9) 520      
 ivec3(3, 2, 9) 521      
 ivec3(4, 2, 9) 522      
 ivec3(5, 2, 9) 523      
 ivec3(6, 2, 9) 524      
 ivec3(7, 2, 9) 525      
 ivec3(8, 2, 9) 526      
 ivec3(9, 2, 9) 527      
 ivec3(10, 2, 9) 528      
 ivec3(11, 2, 9) 529      
 ivec3(12, 2, 9) 530      
 ivec3(13, 2, 9) 531      
 ivec3(0, 2, 10) 532      
 ivec3(1, 2, 10) 533      
 ivec3(2, 2, 10) 534      
 ivec3(3, 2, 10) 535      
 ivec3(4, 2, 10) 536      
 ivec3(5, 2, 10) 537      
 ivec3(6, 2, 10) 538      
 ivec3(7, 2, 10) 539      
 ivec3(8, 2, 10) 540      
 ivec3(9, 2, 10) 541      
 ivec3(10, 2, 10) 542      
 ivec3(11, 2, 10) 543      
 ivec3(12, 2, 10) 544      
 ivec3(13, 2, 10) 545      
 ivec3(0, 2, 11) 546      
 ivec3(1, 2, 11) 547      
 ivec3(2, 2, 11) 548      
 ivec3(3, 2, 11) 549      
 ivec3(4, 2, 11) 550      
 ivec3(5, 2, 11) 551      
 ivec3(6, 2, 11) 552      
 ivec3(7, 2, 11) 553      
 ivec3(8, 2, 11) 554      
 ivec3(9, 2, 11) 555      
 ivec3(10, 2, 11) 556      
 ivec3(11, 2, 11) 557      
 ivec3(12, 2, 11) 558      
 ivec3(13, 2, 11) 559      
 ivec3(0, 2, 12) 560      
 ivec3(1, 2, 12) 561      
 ivec3(2, 2, 12) 562      
 ivec3(3, 2, 12) 563      
 ivec3(4, 2, 12) 564      
 ivec3(5, 2, 12) 565      
 ivec3(6, 2, 12) 566      
 ivec3(7, 2, 12) 567      
 ivec3(8, 2, 12) 568      
 ivec3(9, 2, 12) 569      
 ivec3(10, 2, 12) 570      
 ivec3(11, 2, 12) 571      
 ivec3(12, 2, 12) 572      
 ivec3(13, 2, 12) 573      
 ivec3(0, 2, 13) 574      
 ivec3(1, 2, 13) 575      
 ivec3(2, 2, 13) 576      
 ivec3(3, 2, 13) 577      
 ivec3(4, 2, 13) 578      
 ivec3(5, 2, 13) 579      
 ivec3(6, 2, 13) 580      
 ivec3(7, 2, 13) 581      
 ivec3(8, 2, 13) 582      
 ivec3(9, 2, 13) 583      
 ivec3(10, 2, 13) 584      
 ivec3(11, 2, 13) 585      
 ivec3(12, 2, 13) 586      
 ivec3(13, 2, 13) 587      
 ivec3(0, 3, 0) 588      
 ivec3(1, 3, 0) 589      
 ivec3(2, 3, 0) 590      
 ivec3(3, 3, 0) 591      
 ivec3(4, 3, 0) 592      
 ivec3(5, 3, 0) 593      
 ivec3(6, 3, 0) 594      
 ivec3(7, 3, 0) 595      
 ivec3(8, 3, 0) 596      
 ivec3(9, 3, 0) 597      
 ivec3(10, 3, 0) 598      
 ivec3(11, 3, 0) 599      
 ivec3(12, 3, 0) 600      
 ivec3(13, 3, 0) 601      
 ivec3(0, 3, 1) 602      
 ivec3(1, 3, 1) 603      
 ivec3(2, 3, 1) 604      
 ivec3(3, 3, 1) 605      
 ivec3(4, 3, 1) 606      
 ivec3(5, 3, 1) 607      
 ivec3(6, 3, 1) 608      
 ivec3(7, 3, 1) 609      
 ivec3(8, 3, 1) 610      
 ivec3(9, 3, 1) 611      
 ivec3(10, 3, 1) 612      
 ivec3(11, 3, 1) 613      
 ivec3(12, 3, 1) 614      
 ivec3(13, 3, 1) 615      
 ivec3(0, 3, 2) 616      
 ivec3(1, 3, 2) 617      
 ivec3(2, 3, 2) 618      
 ivec3(3, 3, 2) 619      
 ivec3(4, 3, 2) 620      
 ivec3(5, 3, 2) 621      
 ivec3(6, 3, 2) 622      
 ivec3(7, 3, 2) 623      
 ivec3(8, 3, 2) 624      
 ivec3(9, 3, 2) 625      
 ivec3(10, 3, 2) 626      
 ivec3(11, 3, 2) 627      
 ivec3(12, 3, 2) 628      
 ivec3(13, 3, 2) 629      
 ivec3(0, 3, 3) 630      
 ivec3(1, 3, 3) 631      
 ivec3(2, 3, 3) 632      
 ivec3(3, 3, 3) 633      
 ivec3(4, 3, 3) 634      
 ivec3(5, 3, 3) 635      
 ivec3(6, 3, 3) 636      
 ivec3(7, 3, 3) 637      
 ivec3(8, 3, 3) 638      
 ivec3(9, 3, 3) 639      
 ivec3(10, 3, 3) 640      
 ivec3(11, 3, 3) 641      
 ivec3(12, 3, 3) 642      
 ivec3(13, 3, 3) 643      
 ivec3(0, 3, 4) 644      
 ivec3(1, 3, 4) 645      
 ivec3(2, 3, 4) 646      
 ivec3(3, 3, 4) 647      
 ivec3(4, 3, 4) 648      
 ivec3(5, 3, 4) 649      
 ivec3(6, 3, 4) 650      
 ivec3(7, 3, 4) 651      
 ivec3(8, 3, 4) 652      
 ivec3(9, 3, 4) 653      
 ivec3(10, 3, 4) 654      
 ivec3(11, 3, 4) 655      
 ivec3(12, 3, 4) 656      
 ivec3(13, 3, 4) 657      
 ivec3(0, 3, 5) 658      
 ivec3(1, 3, 5) 659      
 ivec3(2, 3, 5) 660      
 ivec3(3, 3, 5) 661      
 ivec3(4, 3, 5) 662      
 ivec3(5, 3, 5) 663      
 ivec3(6, 3, 5) 664      
 ivec3(7, 3, 5) 665      
 ivec3(8, 3, 5) 666      
 ivec3(9, 3, 5) 667      
 ivec3(10, 3, 5) 668      
 ivec3(11, 3, 5) 669      
 ivec3(12, 3, 5) 670      
 ivec3(13, 3, 5) 671      
 ivec3(0, 3, 6) 672      
 ivec3(1, 3, 6) 673      
 ivec3(2, 3, 6) 674      
 ivec3(3, 3, 6) 675      
 ivec3(4, 3, 6) 676      
 ivec3(5, 3, 6) 677      
 ivec3(6, 3, 6) 678      
 ivec3(7, 3, 6) 679      
 ivec3(8, 3, 6) 680      
 ivec3(9, 3, 6) 681      
 ivec3(10, 3, 6) 682      
 ivec3(11, 3, 6) 683      
 ivec3(12, 3, 6) 684      
 ivec3(13, 3, 6) 685      
 ivec3(0, 3, 7) 686      
 ivec3(1, 3, 7) 687      
 ivec3(2, 3, 7) 688      
 ivec3(3, 3, 7) 689      
 ivec3(4, 3, 7) 690      
 ivec3(5, 3, 7) 691      
 ivec3(6, 3, 7) 692      
 ivec3(7, 3, 7) 693      
 ivec3(8, 3, 7) 694      
 ivec3(9, 3, 7) 695      
 ivec3(10, 3, 7) 696      
 ivec3(11, 3, 7) 697      
 ivec3(12, 3, 7) 698      
 ivec3(13, 3, 7) 699      
 ivec3(0, 3, 8) 700      
 ivec3(1, 3, 8) 701      
 ivec3(2, 3, 8) 702      
 ivec3(3, 3, 8) 703      
 ivec3(4, 3, 8) 704      
 ivec3(5, 3, 8) 705      
 ivec3(6, 3, 8) 706      
 ivec3(7, 3, 8) 707      
 ivec3(8, 3, 8) 708      
 ivec3(9, 3, 8) 709      
 ivec3(10, 3, 8) 710      
 ivec3(11, 3, 8) 711      
 ivec3(12, 3, 8) 712      
 ivec3(13, 3, 8) 713      
 ivec3(0, 3, 9) 714      
 ivec3(1, 3, 9) 715      
 ivec3(2, 3, 9) 716      
 ivec3(3, 3, 9) 717      
 ivec3(4, 3, 9) 718      
 ivec3(5, 3, 9) 719      
 ivec3(6, 3, 9) 720      
 ivec3(7, 3, 9) 721      
 ivec3(8, 3, 9) 722      
 ivec3(9, 3, 9) 723      
 ivec3(10, 3, 9) 724      
 ivec3(11, 3, 9) 725      
 ivec3(12, 3, 9) 726      
 ivec3(13, 3, 9) 727      
 ivec3(0, 3, 10) 728      
 ivec3(1, 3, 10) 729      
 ivec3(2, 3, 10) 730      
 ivec3(3, 3, 10) 731      
 ivec3(4, 3, 10) 732      
 ivec3(5, 3, 10) 733      
 ivec3(6, 3, 10) 734      
 ivec3(7, 3, 10) 735      
 ivec3(8, 3, 10) 736      
 ivec3(9, 3, 10) 737      
 ivec3(10, 3, 10) 738      
 ivec3(11, 3, 10) 739      
 ivec3(12, 3, 10) 740      
 ivec3(13, 3, 10) 741      
 ivec3(0, 3, 11) 742      
 ivec3(1, 3, 11) 743      
 ivec3(2, 3, 11) 744      
 ivec3(3, 3, 11) 745      
 ivec3(4, 3, 11) 746      
 ivec3(5, 3, 11) 747      
 ivec3(6, 3, 11) 748      
 ivec3(7, 3, 11) 749      
 ivec3(8, 3, 11) 750      
 ivec3(9, 3, 11) 751      
 ivec3(10, 3, 11) 752      
 ivec3(11, 3, 11) 753      
 ivec3(12, 3, 11) 754      
 ivec3(13, 3, 11) 755      
 ivec3(0, 3, 12) 756      
 ivec3(1, 3, 12) 757      
 ivec3(2, 3, 12) 758      
 ivec3(3, 3, 12) 759      
 ivec3(4, 3, 12) 760      
 ivec3(5, 3, 12) 761      
 ivec3(6, 3, 12) 762      
 ivec3(7, 3, 12) 763      
 ivec3(8, 3, 12) 764      
 ivec3(9, 3, 12) 765      
 ivec3(10, 3, 12) 766      
 ivec3(11, 3, 12) 767      
 ivec3(12, 3, 12) 768      
 ivec3(13, 3, 12) 769      
 ivec3(0, 3, 13) 770      
 ivec3(1, 3, 13) 771      
 ivec3(2, 3, 13) 772      
 ivec3(3, 3, 13) 773      
 ivec3(4, 3, 13) 774      
 ivec3(5, 3, 13) 775      
 ivec3(6, 3, 13) 776      
 ivec3(7, 3, 13) 777      
 ivec3(8, 3, 13) 778      
 ivec3(9, 3, 13) 779      
 ivec3(10, 3, 13) 780      
 ivec3(11, 3, 13) 781      
 ivec3(12, 3, 13) 782      
 ivec3(13, 3, 13) 783      
 ivec3(0, 4, 0) 784      
 ivec3(1, 4, 0) 785      
 ivec3(2, 4, 0) 786      
 ivec3(3, 4, 0) 787      
 ivec3(4, 4, 0) 788      
 ivec3(5, 4, 0) 789      
 ivec3(6, 4, 0) 790      
 ivec3(7, 4, 0) 791      
 ivec3(8, 4, 0) 792      
 ivec3(9, 4, 0) 793      
 ivec3(10, 4, 0) 794      
 ivec3(11, 4, 0) 795      
 ivec3(12, 4, 0) 796      
 ivec3(13, 4, 0) 797      
 ivec3(0, 4, 1) 798      
 ivec3(1, 4, 1) 799      
 ivec3(2, 4, 1) 800      
 ivec3(3, 4, 1) 801      
 ivec3(4, 4, 1) 802      
 ivec3(5, 4, 1) 803      
 ivec3(6, 4, 1) 804      
 ivec3(7, 4, 1) 805      
 ivec3(8, 4, 1) 806      
 ivec3(9, 4, 1) 807      
 ivec3(10, 4, 1) 808      
 ivec3(11, 4, 1) 809      
 ivec3(12, 4, 1) 810      
 ivec3(13, 4, 1) 811      
 ivec3(0, 4, 2) 812      
 ivec3(1, 4, 2) 813      
 ivec3(2, 4, 2) 814      
 ivec3(3, 4, 2) 815      
 ivec3(4, 4, 2) 816      
 ivec3(5, 4, 2) 817      
 ivec3(6, 4, 2) 818      
 ivec3(7, 4, 2) 819      
 ivec3(8, 4, 2) 820      
 ivec3(9, 4, 2) 821      
 ivec3(10, 4, 2) 822      
 ivec3(11, 4, 2) 823      
 ivec3(12, 4, 2) 824      
 ivec3(13, 4, 2) 825      
 ivec3(0, 4, 3) 826      
 ivec3(1, 4, 3) 827      
 ivec3(2, 4, 3) 828      
 ivec3(3, 4, 3) 829      
 ivec3(4, 4, 3) 830      
 ivec3(5, 4, 3) 831      
 ivec3(6, 4, 3) 832      
 ivec3(7, 4, 3) 833      
 ivec3(8, 4, 3) 834      
 ivec3(9, 4, 3) 835      
 ivec3(10, 4, 3) 836      
 ivec3(11, 4, 3) 837      
 ivec3(12, 4, 3) 838      
 ivec3(13, 4, 3) 839      
 ivec3(0, 4, 4) 840      
 ivec3(1, 4, 4) 841      
 ivec3(2, 4, 4) 842      
 ivec3(3, 4, 4) 843      
 ivec3(4, 4, 4) 844      
 ivec3(5, 4, 4) 845      
 ivec3(6, 4, 4) 846      
 ivec3(7, 4, 4) 847      
 ivec3(8, 4, 4) 848      
 ivec3(9, 4, 4) 849      
 ivec3(10, 4, 4) 850      
 ivec3(11, 4, 4) 851      
 ivec3(12, 4, 4) 852      
 ivec3(13, 4, 4) 853      
 ivec3(0, 4, 5) 854      
 ivec3(1, 4, 5) 855      
 ivec3(2, 4, 5) 856      
 ivec3(3, 4, 5) 857      
 ivec3(4, 4, 5) 858      
 ivec3(5, 4, 5) 859      
 ivec3(6, 4, 5) 860      
 ivec3(7, 4, 5) 861      
 ivec3(8, 4, 5) 862      
 ivec3(9, 4, 5) 863      
 ivec3(10, 4, 5) 864      
 ivec3(11, 4, 5) 865      
 ivec3(12, 4, 5) 866      
 ivec3(13, 4, 5) 867      
 ivec3(0, 4, 6) 868      
 ivec3(1, 4, 6) 869      
 ivec3(2, 4, 6) 870      
 ivec3(3, 4, 6) 871      
 ivec3(4, 4, 6) 872      
 ivec3(5, 4, 6) 873      
 ivec3(6, 4, 6) 874      
 ivec3(7, 4, 6) 875      
 ivec3(8, 4, 6) 876      
 ivec3(9, 4, 6) 877      
 ivec3(10, 4, 6) 878      
 ivec3(11, 4, 6) 879      
 ivec3(12, 4, 6) 880      
 ivec3(13, 4, 6) 881      
 ivec3(0, 4, 7) 882      
 ivec3(1, 4, 7) 883      
 ivec3(2, 4, 7) 884      
 ivec3(3, 4, 7) 885      
 ivec3(4, 4, 7) 886      
 ivec3(5, 4, 7) 887      
 ivec3(6, 4, 7) 888      
 ivec3(7, 4, 7) 889      
 ivec3(8, 4, 7) 890      
 ivec3(9, 4, 7) 891      
 ivec3(10, 4, 7) 892      
 ivec3(11, 4, 7) 893      
 ivec3(12, 4, 7) 894      
 ivec3(13, 4, 7) 895      
 ivec3(0, 4, 8) 896      
 ivec3(1, 4, 8) 897      
 ivec3(2, 4, 8) 898      
 ivec3(3, 4, 8) 899      
 ivec3(4, 4, 8) 900      
 ivec3(5, 4, 8) 901      
 ivec3(6, 4, 8) 902      
 ivec3(7, 4, 8) 903      
 ivec3(8, 4, 8) 904      
 ivec3(9, 4, 8) 905      
 ivec3(10, 4, 8) 906      
 ivec3(11, 4, 8) 907      
 ivec3(12, 4, 8) 908      
 ivec3(13, 4, 8) 909      
 ivec3(0, 4, 9) 910      
 ivec3(1, 4, 9) 911      
 ivec3(2, 4, 9) 912      
 ivec3(3, 4, 9) 913      
 ivec3(4, 4, 9) 914      
 ivec3(5, 4, 9) 915      
 ivec3(6, 4, 9) 916      
 ivec3(7, 4, 9) 917      
 ivec3(8, 4, 9) 918      
 ivec3(9, 4, 9) 919      
 ivec3(10, 4, 9) 920      
 ivec3(11, 4, 9) 921      
 ivec3(12, 4, 9) 922      
 ivec3(13, 4, 9) 923      
 ivec3(0, 4, 10) 924      
 ivec3(1, 4, 10) 925      
 ivec3(2, 4, 10) 926      
 ivec3(3, 4, 10) 927      
 ivec3(4, 4, 10) 928      
 ivec3(5, 4, 10) 929      
 ivec3(6, 4, 10) 930      
 ivec3(7, 4, 10) 931      
 ivec3(8, 4, 10) 932      
 ivec3(9, 4, 10) 933      
 ivec3(10, 4, 10) 934      
 ivec3(11, 4, 10) 935      
 ivec3(12, 4, 10) 936      
 ivec3(13, 4, 10) 937      
 ivec3(0, 4, 11) 938      
 ivec3(1, 4, 11) 939      
 ivec3(2, 4, 11) 940      
 ivec3(3, 4, 11) 941      
 ivec3(4, 4, 11) 942      
 ivec3(5, 4, 11) 943      
 ivec3(6, 4, 11) 944      
 ivec3(7, 4, 11) 945      
 ivec3(8, 4, 11) 946      
 ivec3(9, 4, 11) 947      
 ivec3(10, 4, 11) 948      
 ivec3(11, 4, 11) 949      
 ivec3(12, 4, 11) 950      
 ivec3(13, 4, 11) 951      
 ivec3(0, 4, 12) 952      
 ivec3(1, 4, 12) 953      
 ivec3(2, 4, 12) 954      
 ivec3(3, 4, 12) 955      
 ivec3(4, 4, 12) 956      
 ivec3(5, 4, 12) 957      
 ivec3(6, 4, 12) 958      
 ivec3(7, 4, 12) 959      
 ivec3(8, 4, 12) 960      
 ivec3(9, 4, 12) 961      
 ivec3(10, 4, 12) 962      
 ivec3(11, 4, 12) 963      
 ivec3(12, 4, 12) 964      
 ivec3(13, 4, 12) 965      
 ivec3(0, 4, 13) 966      
 ivec3(1, 4, 13) 967      
 ivec3(2, 4, 13) 968      
 ivec3(3, 4, 13) 969      
 ivec3(4, 4, 13) 970      
 ivec3(5, 4, 13) 971      
 ivec3(6, 4, 13) 972      
 ivec3(7, 4, 13) 973      
 ivec3(8, 4, 13) 974      
 ivec3(9, 4, 13) 975      
 ivec3(10, 4, 13) 976      
 ivec3(11, 4, 13) 977      
 ivec3(12, 4, 13) 978      
 ivec3(13, 4, 13) 979      
 ivec3(0, 5, 0) 980      
 ivec3(1, 5, 0) 981      
 ivec3(2, 5, 0) 982      
 ivec3(3, 5, 0) 983      
 ivec3(4, 5, 0) 984      
 ivec3(5, 5, 0) 985      
 ivec3(6, 5, 0) 986      
 ivec3(7, 5, 0) 987      
 ivec3(8, 5, 0) 988      
 ivec3(9, 5, 0) 989      
 ivec3(10, 5, 0) 990      
 ivec3(11, 5, 0) 991      
 ivec3(12, 5, 0) 992      
 ivec3(13, 5, 0) 993      
 ivec3(0, 5, 1) 994      
 ivec3(1, 5, 1) 995      
 ivec3(2, 5, 1) 996      
 ivec3(3, 5, 1) 997      
 ivec3(4, 5, 1) 998      
 ivec3(5, 5, 1) 999      
 ivec3(6, 5, 1) 1000     
 ivec3(7, 5, 1) 1001     
 ivec3(8, 5, 1) 1002     
 ivec3(9, 5, 1) 1003     
 ivec3(10, 5, 1) 1004     
 ivec3(11, 5, 1) 1005     
 ivec3(12, 5, 1) 1006     
 ivec3(13, 5, 1) 1007     
 ivec3(0, 5, 2) 1008     
 ivec3(1, 5, 2) 1009     
 ivec3(2, 5, 2) 1010     
 ivec3(3, 5, 2) 1011     
 ivec3(4, 5, 2) 1012     
 ivec3(5, 5, 2) 1013     
 ivec3(6, 5, 2) 1014     
 ivec3(7, 5, 2) 1015     
 ivec3(8, 5, 2) 1016     
 ivec3(9, 5, 2) 1017     
 ivec3(10, 5, 2) 1018     
 ivec3(11, 5, 2) 1019     
 ivec3(12, 5, 2) 1020     
 ivec3(13, 5, 2) 1021     
 ivec3(0, 5, 3) 1022     
 ivec3(1, 5, 3) 1023     
 ivec3(2, 5, 3) 1024     
 ivec3(3, 5, 3) 1025     
 ivec3(4, 5, 3) 1026     
 ivec3(5, 5, 3) 1027     
 ivec3(6, 5, 3) 1028     
 ivec3(7, 5, 3) 1029     
 ivec3(8, 5, 3) 1030     
 ivec3(9, 5, 3) 1031     
 ivec3(10, 5, 3) 1032     
 ivec3(11, 5, 3) 1033     
 ivec3(12, 5, 3) 1034     
 ivec3(13, 5, 3) 1035     
 ivec3(0, 5, 4) 1036     
 ivec3(1, 5, 4) 1037     
 ivec3(2, 5, 4) 1038     
 ivec3(3, 5, 4) 1039     
 ivec3(4, 5, 4) 1040     
 ivec3(5, 5, 4) 1041     
 ivec3(6, 5, 4) 1042     
 ivec3(7, 5, 4) 1043     
 ivec3(8, 5, 4) 1044     
 ivec3(9, 5, 4) 1045     
 ivec3(10, 5, 4) 1046     
 ivec3(11, 5, 4) 1047     
 ivec3(12, 5, 4) 1048     
 ivec3(13, 5, 4) 1049     
 ivec3(0, 5, 5) 1050     
 ivec3(1, 5, 5) 1051     
 ivec3(2, 5, 5) 1052     
 ivec3(3, 5, 5) 1053     
 ivec3(4, 5, 5) 1054     
 ivec3(5, 5, 5) 1055     
 ivec3(6, 5, 5) 1056     
 ivec3(7, 5, 5) 1057     
 ivec3(8, 5, 5) 1058     
 ivec3(9, 5, 5) 1059     
 ivec3(10, 5, 5) 1060     
 ivec3(11, 5, 5) 1061     
 ivec3(12, 5, 5) 1062     
 ivec3(13, 5, 5) 1063     
 ivec3(0, 5, 6) 1064     
 ivec3(1, 5, 6) 1065     
 ivec3(2, 5, 6) 1066     
 ivec3(3, 5, 6) 1067     
 ivec3(4, 5, 6) 1068     
 ivec3(5, 5, 6) 1069     
 ivec3(6, 5, 6) 1070     
 ivec3(7, 5, 6) 1071     
 ivec3(8, 5, 6) 1072     
 ivec3(9, 5, 6) 1073     
 ivec3(10, 5, 6) 1074     
 ivec3(11, 5, 6) 1075     
 ivec3(12, 5, 6) 1076     
 ivec3(13, 5, 6) 1077     
 ivec3(0, 5, 7) 1078     
 ivec3(1, 5, 7) 1079     
 ivec3(2, 5, 7) 1080     
 ivec3(3, 5, 7) 1081     
 ivec3(4, 5, 7) 1082     
 ivec3(5, 5, 7) 1083     
 ivec3(6, 5, 7) 1084     
 ivec3(7, 5, 7) 1085     
 ivec3(8, 5, 7) 1086     
 ivec3(9, 5, 7) 1087     
 ivec3(10, 5, 7) 1088     
 ivec3(11, 5, 7) 1089     
 ivec3(12, 5, 7) 1090     
 ivec3(13, 5, 7) 1091     
 ivec3(0, 5, 8) 1092     
 ivec3(1, 5, 8) 1093     
 ivec3(2, 5, 8) 1094     
 ivec3(3, 5, 8) 1095     
 ivec3(4, 5, 8) 1096     
 ivec3(5, 5, 8) 1097     
 ivec3(6, 5, 8) 1098     
 ivec3(7, 5, 8) 1099     
 ivec3(8, 5, 8) 1100     
 ivec3(9, 5, 8) 1101     
 ivec3(10, 5, 8) 1102     
 ivec3(11, 5, 8) 1103     
 ivec3(12, 5, 8) 1104     
 ivec3(13, 5, 8) 1105     
 ivec3(0, 5, 9) 1106     
 ivec3(1, 5, 9) 1107     
 ivec3(2, 5, 9) 1108     
 ivec3(3, 5, 9) 1109     
 ivec3(4, 5, 9) 1110     
 ivec3(5, 5, 9) 1111     
 ivec3(6, 5, 9) 1112     
 ivec3(7, 5, 9) 1113     
 ivec3(8, 5, 9) 1114     
 ivec3(9, 5, 9) 1115     
 ivec3(10, 5, 9) 1116     
 ivec3(11, 5, 9) 1117     
 ivec3(12, 5, 9) 1118     
 ivec3(13, 5, 9) 1119     
 ivec3(0, 5, 10) 1120     
 ivec3(1, 5, 10) 1121     
 ivec3(2, 5, 10) 1122     
 ivec3(3, 5, 10) 1123     
 ivec3(4, 5, 10) 1124     
 ivec3(5, 5, 10) 1125     
 ivec3(6, 5, 10) 1126     
 ivec3(7, 5, 10) 1127     
 ivec3(8, 5, 10) 1128     
 ivec3(9, 5, 10) 1129     
 ivec3(10, 5, 10) 1130     
 ivec3(11, 5, 10) 1131     
 ivec3(12, 5, 10) 1132     
 ivec3(13, 5, 10) 1133     
 ivec3(0, 5, 11) 1134     
 ivec3(1, 5, 11) 1135     
 ivec3(2, 5, 11) 1136     
 ivec3(3, 5, 11) 1137     
 ivec3(4, 5, 11) 1138     
 ivec3(5, 5, 11) 1139     
 ivec3(6, 5, 11) 1140     
 ivec3(7, 5, 11) 1141     
 ivec3(8, 5, 11) 1142     
 ivec3(9, 5, 11) 1143     
 ivec3(10, 5, 11) 1144     
 ivec3(11, 5, 11) 1145     
 ivec3(12, 5, 11) 1146     
 ivec3(13, 5, 11) 1147     
 ivec3(0, 5, 12) 1148     
 ivec3(1, 5, 12) 1149     
 ivec3(2, 5, 12) 1150     
 ivec3(3, 5, 12) 1151     
 ivec3(4, 5, 12) 1152     
 ivec3(5, 5, 12) 1153     
 ivec3(6, 5, 12) 1154     
 ivec3(7, 5, 12) 1155     
 ivec3(8, 5, 12) 1156     
 ivec3(9, 5, 12) 1157     
 ivec3(10, 5, 12) 1158     
 ivec3(11, 5, 12) 1159     
 ivec3(12, 5, 12) 1160     
 ivec3(13, 5, 12) 1161     
 ivec3(0, 5, 13) 1162     
 ivec3(1, 5, 13) 1163     
 ivec3(2, 5, 13) 1164     
 ivec3(3, 5, 13) 1165     
 ivec3(4, 5, 13) 1166     
 ivec3(5, 5, 13) 1167     
 ivec3(6, 5, 13) 1168     
 ivec3(7, 5, 13) 1169     
 ivec3(8, 5, 13) 1170     
 ivec3(9, 5, 13) 1171     
 ivec3(10, 5, 13) 1172     
 ivec3(11, 5, 13) 1173     
 ivec3(12, 5, 13) 1174     
 ivec3(13, 5, 13) 1175     
 ivec3(0, 6, 0) 1176     
 ivec3(1, 6, 0) 1177     
 ivec3(2, 6, 0) 1178     
 ivec3(3, 6, 0) 1179     
 ivec3(4, 6, 0) 1180     
 ivec3(5, 6, 0) 1181     
 ivec3(6, 6, 0) 1182     
 ivec3(7, 6, 0) 1183     
 ivec3(8, 6, 0) 1184     
 ivec3(9, 6, 0) 1185     
 ivec3(10, 6, 0) 1186     
 ivec3(11, 6, 0) 1187     
 ivec3(12, 6, 0) 1188     
 ivec3(13, 6, 0) 1189     
 ivec3(0, 6, 1) 1190     
 ivec3(1, 6, 1) 1191     
 ivec3(2, 6, 1) 1192     
 ivec3(3, 6, 1) 1193     
 ivec3(4, 6, 1) 1194     
 ivec3(5, 6, 1) 1195     
 ivec3(6, 6, 1) 1196     
 ivec3(7, 6, 1) 1197     
 ivec3(8, 6, 1) 1198     
 ivec3(9, 6, 1) 1199     
 ivec3(10, 6, 1) 1200     
 ivec3(11, 6, 1) 1201     
 ivec3(12, 6, 1) 1202     
 ivec3(13, 6, 1) 1203     
 ivec3(0, 6, 2) 1204     
 ivec3(1, 6, 2) 1205     
 ivec3(2, 6, 2) 1206     
 ivec3(3, 6, 2) 1207     
 ivec3(4, 6, 2) 1208     
 ivec3(5, 6, 2) 1209     
 ivec3(6, 6, 2) 1210     
 ivec3(7, 6, 2) 1211     
 ivec3(8, 6, 2) 1212     
 ivec3(9, 6, 2) 1213     
 ivec3(10, 6, 2) 1214     
 ivec3(11, 6, 2) 1215     
 ivec3(12, 6, 2) 1216     
 ivec3(13, 6, 2) 1217     
 ivec3(0, 6, 3) 1218     
 ivec3(1, 6, 3) 1219     
 ivec3(2, 6, 3) 1220     
 ivec3(3, 6, 3) 1221     
 ivec3(4, 6, 3) 1222     
 ivec3(5, 6, 3) 1223     
 ivec3(6, 6, 3) 1224     
 ivec3(7, 6, 3) 1225     
 ivec3(8, 6, 3) 1226     
 ivec3(9, 6, 3) 1227     
 ivec3(10, 6, 3) 1228     
 ivec3(11, 6, 3) 1229     
 ivec3(12, 6, 3) 1230     
 ivec3(13, 6, 3) 1231     
 ivec3(0, 6, 4) 1232     
 ivec3(1, 6, 4) 1233     
 ivec3(2, 6, 4) 1234     
 ivec3(3, 6, 4) 1235     
 ivec3(4, 6, 4) 1236     
 ivec3(5, 6, 4) 1237     
 ivec3(6, 6, 4) 1238     
 ivec3(7, 6, 4) 1239     
 ivec3(8, 6, 4) 1240     
 ivec3(9, 6, 4) 1241     
 ivec3(10, 6, 4) 1242     
 ivec3(11, 6, 4) 1243     
 ivec3(12, 6, 4) 1244     
 ivec3(13, 6, 4) 1245     
 ivec3(0, 6, 5) 1246     
 ivec3(1, 6, 5) 1247     
 ivec3(2, 6, 5) 1248     
 ivec3(3, 6, 5) 1249     
 ivec3(4, 6, 5) 1250     
 ivec3(5, 6, 5) 1251     
 ivec3(6, 6, 5) 1252     
 ivec3(7, 6, 5) 1253     
 ivec3(8, 6, 5) 1254     
 ivec3(9, 6, 5) 1255     
 ivec3(10, 6, 5) 1256     
 ivec3(11, 6, 5) 1257     
 ivec3(12, 6, 5) 1258     
 ivec3(13, 6, 5) 1259     
 ivec3(0, 6, 6) 1260     
 ivec3(1, 6, 6) 1261     
 ivec3(2, 6, 6) 1262     
 ivec3(3, 6, 6) 1263     
 ivec3(4, 6, 6) 1264     
 ivec3(5, 6, 6) 1265     
 ivec3(6, 6, 6) 1266     
 ivec3(7, 6, 6) 1267     
 ivec3(8, 6, 6) 1268     
 ivec3(9, 6, 6) 1269     
 ivec3(10, 6, 6) 1270     
 ivec3(11, 6, 6) 1271     
 ivec3(12, 6, 6) 1272     
 ivec3(13, 6, 6) 1273     
 ivec3(0, 6, 7) 1274     
 ivec3(1, 6, 7) 1275     
 ivec3(2, 6, 7) 1276     
 ivec3(3, 6, 7) 1277     
 ivec3(4, 6, 7) 1278     
 ivec3(5, 6, 7) 1279     
 ivec3(6, 6, 7) 1280     
 ivec3(7, 6, 7) 1281     
 ivec3(8, 6, 7) 1282     
 ivec3(9, 6, 7) 1283     
 ivec3(10, 6, 7) 1284     
 ivec3(11, 6, 7) 1285     
 ivec3(12, 6, 7) 1286     
 ivec3(13, 6, 7) 1287     
 ivec3(0, 6, 8) 1288     
 ivec3(1, 6, 8) 1289     
 ivec3(2, 6, 8) 1290     
 ivec3(3, 6, 8) 1291     
 ivec3(4, 6, 8) 1292     
 ivec3(5, 6, 8) 1293     
 ivec3(6, 6, 8) 1294     
 ivec3(7, 6, 8) 1295     
 ivec3(8, 6, 8) 1296     
 ivec3(9, 6, 8) 1297     
 ivec3(10, 6, 8) 1298     
 ivec3(11, 6, 8) 1299     
 ivec3(12, 6, 8) 1300     
 ivec3(13, 6, 8) 1301     
 ivec3(0, 6, 9) 1302     
 ivec3(1, 6, 9) 1303     
 ivec3(2, 6, 9) 1304     
 ivec3(3, 6, 9) 1305     
 ivec3(4, 6, 9) 1306     
 ivec3(5, 6, 9) 1307     
 ivec3(6, 6, 9) 1308     
 ivec3(7, 6, 9) 1309     
 ivec3(8, 6, 9) 1310     
 ivec3(9, 6, 9) 1311     
 ivec3(10, 6, 9) 1312     
 ivec3(11, 6, 9) 1313     
 ivec3(12, 6, 9) 1314     
 ivec3(13, 6, 9) 1315     
 ivec3(0, 6, 10) 1316     
 ivec3(1, 6, 10) 1317     
 ivec3(2, 6, 10) 1318     
 ivec3(3, 6, 10) 1319     
 ivec3(4, 6, 10) 1320     
 ivec3(5, 6, 10) 1321     
 ivec3(6, 6, 10) 1322     
 ivec3(7, 6, 10) 1323     
 ivec3(8, 6, 10) 1324     
 ivec3(9, 6, 10) 1325     
 ivec3(10, 6, 10) 1326     
 ivec3(11, 6, 10) 1327     
 ivec3(12, 6, 10) 1328     
 ivec3(13, 6, 10) 1329     
 ivec3(0, 6, 11) 1330     
 ivec3(1, 6, 11) 1331     
 ivec3(2, 6, 11) 1332     
 ivec3(3, 6, 11) 1333     
 ivec3(4, 6, 11) 1334     
 ivec3(5, 6, 11) 1335     
 ivec3(6, 6, 11) 1336     
 ivec3(7, 6, 11) 1337     
 ivec3(8, 6, 11) 1338     
 ivec3(9, 6, 11) 1339     
 ivec3(10, 6, 11) 1340     
 ivec3(11, 6, 11) 1341     
 ivec3(12, 6, 11) 1342     
 ivec3(13, 6, 11) 1343     
 ivec3(0, 6, 12) 1344     
 ivec3(1, 6, 12) 1345     
 ivec3(2, 6, 12) 1346     
 ivec3(3, 6, 12) 1347     
 ivec3(4, 6, 12) 1348     
 ivec3(5, 6, 12) 1349     
 ivec3(6, 6, 12) 1350     
 ivec3(7, 6, 12) 1351     
 ivec3(8, 6, 12) 1352     
 ivec3(9, 6, 12) 1353     
 ivec3(10, 6, 12) 1354     
 ivec3(11, 6, 12) 1355     
 ivec3(12, 6, 12) 1356     
 ivec3(13, 6, 12) 1357     
 ivec3(0, 6, 13) 1358     
 ivec3(1, 6, 13) 1359     
 ivec3(2, 6, 13) 1360     
 ivec3(3, 6, 13) 1361     
 ivec3(4, 6, 13) 1362     
 ivec3(5, 6, 13) 1363     
 ivec3(6, 6, 13) 1364     
 ivec3(7, 6, 13) 1365     
 ivec3(8, 6, 13) 1366     
 ivec3(9, 6, 13) 1367     
 ivec3(10, 6, 13) 1368     
 ivec3(11, 6, 13) 1369     
 ivec3(12, 6, 13) 1370     
 ivec3(13, 6, 13) 1371     
 ivec3(0, 7, 0) 1372     
 ivec3(1, 7, 0) 1373     
 ivec3(2, 7, 0) 1374     
 ivec3(3, 7, 0) 1375     
 ivec3(4, 7, 0) 1376     
 ivec3(5, 7, 0) 1377     
 ivec3(6, 7, 0) 1378     
 ivec3(7, 7, 0) 1379     
 ivec3(8, 7, 0) 1380     
 ivec3(9, 7, 0) 1381     
 ivec3(10, 7, 0) 1382     
 ivec3(11, 7, 0) 1383     
 ivec3(12, 7, 0) 1384     
 ivec3(13, 7, 0) 1385     
 ivec3(0, 7, 1) 1386     
 ivec3(1, 7, 1) 1387     
 ivec3(2, 7, 1) 1388     
 ivec3(3, 7, 1) 1389     
 ivec3(4, 7, 1) 1390     
 ivec3(5, 7, 1) 1391     
 ivec3(6, 7, 1) 1392     
 ivec3(7, 7, 1) 1393     
 ivec3(8, 7, 1) 1394     
 ivec3(9, 7, 1) 1395     
 ivec3(10, 7, 1) 1396     
 ivec3(11, 7, 1) 1397     
 ivec3(12, 7, 1) 1398     
 ivec3(13, 7, 1) 1399     
 ivec3(0, 7, 2) 1400     
 ivec3(1, 7, 2) 1401     
 ivec3(2, 7, 2) 1402     
 ivec3(3, 7, 2) 1403     
 ivec3(4, 7, 2) 1404     
 ivec3(5, 7, 2) 1405     
 ivec3(6, 7, 2) 1406     
 ivec3(7, 7, 2) 1407     
 ivec3(8, 7, 2) 1408     
 ivec3(9, 7, 2) 1409     
 ivec3(10, 7, 2) 1410     
 ivec3(11, 7, 2) 1411     
 ivec3(12, 7, 2) 1412     
 ivec3(13, 7, 2) 1413     
 ivec3(0, 7, 3) 1414     
 ivec3(1, 7, 3) 1415     
 ivec3(2, 7, 3) 1416     
 ivec3(3, 7, 3) 1417     
 ivec3(4, 7, 3) 1418     
 ivec3(5, 7, 3) 1419     
 ivec3(6, 7, 3) 1420     
 ivec3(7, 7, 3) 1421     
 ivec3(8, 7, 3) 1422     
 ivec3(9, 7, 3) 1423     
 ivec3(10, 7, 3) 1424     
 ivec3(11, 7, 3) 1425     
 ivec3(12, 7, 3) 1426     
 ivec3(13, 7, 3) 1427     
 ivec3(0, 7, 4) 1428     
 ivec3(1, 7, 4) 1429     
 ivec3(2, 7, 4) 1430     
 ivec3(3, 7, 4) 1431     
 ivec3(4, 7, 4) 1432     
 ivec3(5, 7, 4) 1433     
 ivec3(6, 7, 4) 1434     
 ivec3(7, 7, 4) 1435     
 ivec3(8, 7, 4) 1436     
 ivec3(9, 7, 4) 1437     
 ivec3(10, 7, 4) 1438     
 ivec3(11, 7, 4) 1439     
 ivec3(12, 7, 4) 1440     
 ivec3(13, 7, 4) 1441     
 ivec3(0, 7, 5) 1442     
 ivec3(1, 7, 5) 1443     
 ivec3(2, 7, 5) 1444     
 ivec3(3, 7, 5) 1445     
 ivec3(4, 7, 5) 1446     
 ivec3(5, 7, 5) 1447     
 ivec3(6, 7, 5) 1448     
 ivec3(7, 7, 5) 1449     
 ivec3(8, 7, 5) 1450     
 ivec3(9, 7, 5) 1451     
 ivec3(10, 7, 5) 1452     
 ivec3(11, 7, 5) 1453     
 ivec3(12, 7, 5) 1454     
 ivec3(13, 7, 5) 1455     
 ivec3(0, 7, 6) 1456     
 ivec3(1, 7, 6) 1457     
 ivec3(2, 7, 6) 1458     
 ivec3(3, 7, 6) 1459     
 ivec3(4, 7, 6) 1460     
 ivec3(5, 7, 6) 1461     
 ivec3(6, 7, 6) 1462     
 ivec3(7, 7, 6) 1463     
 ivec3(8, 7, 6) 1464     
 ivec3(9, 7, 6) 1465     
 ivec3(10, 7, 6) 1466     
 ivec3(11, 7, 6) 1467     
 ivec3(12, 7, 6) 1468     
 ivec3(13, 7, 6) 1469     
 ivec3(0, 7, 7) 1470     
 ivec3(1, 7, 7) 1471     
 ivec3(2, 7, 7) 1472     
 ivec3(3, 7, 7) 1473     
 ivec3(4, 7, 7) 1474     
 ivec3(5, 7, 7) 1475     
 ivec3(6, 7, 7) 1476     
 ivec3(7, 7, 7) 1477     
 ivec3(8, 7, 7) 1478     
 ivec3(9, 7, 7) 1479     
 ivec3(10, 7, 7) 1480     
 ivec3(11, 7, 7) 1481     
 ivec3(12, 7, 7) 1482     
 ivec3(13, 7, 7) 1483     
 ivec3(0, 7, 8) 1484     
 ivec3(1, 7, 8) 1485     
 ivec3(2, 7, 8) 1486     
 ivec3(3, 7, 8) 1487     
 ivec3(4, 7, 8) 1488     
 ivec3(5, 7, 8) 1489     
 ivec3(6, 7, 8) 1490     
 ivec3(7, 7, 8) 1491     
 ivec3(8, 7, 8) 1492     
 ivec3(9, 7, 8) 1493     
 ivec3(10, 7, 8) 1494     
 ivec3(11, 7, 8) 1495     
 ivec3(12, 7, 8) 1496     
 ivec3(13, 7, 8) 1497     
 ivec3(0, 7, 9) 1498     
 ivec3(1, 7, 9) 1499     
 ivec3(2, 7, 9) 1500     
 ivec3(3, 7, 9) 1501     
 ivec3(4, 7, 9) 1502     
 ivec3(5, 7, 9) 1503     
 ivec3(6, 7, 9) 1504     
 ivec3(7, 7, 9) 1505     
 ivec3(8, 7, 9) 1506     
 ivec3(9, 7, 9) 1507     
 ivec3(10, 7, 9) 1508     
 ivec3(11, 7, 9) 1509     
 ivec3(12, 7, 9) 1510     
 ivec3(13, 7, 9) 1511     
 ivec3(0, 7, 10) 1512     
 ivec3(1, 7, 10) 1513     
 ivec3(2, 7, 10) 1514     
 ivec3(3, 7, 10) 1515     
 ivec3(4, 7, 10) 1516     
 ivec3(5, 7, 10) 1517     
 ivec3(6, 7, 10) 1518     
 ivec3(7, 7, 10) 1519     
 ivec3(8, 7, 10) 1520     
 ivec3(9, 7, 10) 1521     
 ivec3(10, 7, 10) 1522     
 ivec3(11, 7, 10) 1523     
 ivec3(12, 7, 10) 1524     
 ivec3(13, 7, 10) 1525     
 ivec3(0, 7, 11) 1526     
 ivec3(1, 7, 11) 1527     
 ivec3(2, 7, 11) 1528     
 ivec3(3, 7, 11) 1529     
 ivec3(4, 7, 11) 1530     
 ivec3(5, 7, 11) 1531     
 ivec3(6, 7, 11) 1532     
 ivec3(7, 7, 11) 1533     
 ivec3(8, 7, 11) 1534     
 ivec3(9, 7, 11) 1535     
 ivec3(10, 7, 11) 1536     
 ivec3(11, 7, 11) 1537     
 ivec3(12, 7, 11) 1538     
 ivec3(13, 7, 11) 1539     
 ivec3(0, 7, 12) 1540     
 ivec3(1, 7, 12) 1541     
 ivec3(2, 7, 12) 1542     
 ivec3(3, 7, 12) 1543     
 ivec3(4, 7, 12) 1544     
 ivec3(5, 7, 12) 1545     
 ivec3(6, 7, 12) 1546     
 ivec3(7, 7, 12) 1547     
 ivec3(8, 7, 12) 1548     
 ivec3(9, 7, 12) 1549     
 ivec3(10, 7, 12) 1550     
 ivec3(11, 7, 12) 1551     
 ivec3(12, 7, 12) 1552     
 ivec3(13, 7, 12) 1553     
 ivec3(0, 7, 13) 1554     
 ivec3(1, 7, 13) 1555     
 ivec3(2, 7, 13) 1556     
 ivec3(3, 7, 13) 1557     
 ivec3(4, 7, 13) 1558     
 ivec3(5, 7, 13) 1559     
 ivec3(6, 7, 13) 1560     
 ivec3(7, 7, 13) 1561     
 ivec3(8, 7, 13) 1562     
 ivec3(9, 7, 13) 1563     
 ivec3(10, 7, 13) 1564     
 ivec3(11, 7, 13) 1565     
 ivec3(12, 7, 13) 1566     
 ivec3(13, 7, 13) 1567     
 ivec3(0, 8, 0) 1568     
 ivec3(1, 8, 0) 1569     
 ivec3(2, 8, 0) 1570     
 ivec3(3, 8, 0) 1571     
 ivec3(4, 8, 0) 1572     
 ivec3(5, 8, 0) 1573     
 ivec3(6, 8, 0) 1574     
 ivec3(7, 8, 0) 1575     
 ivec3(8, 8, 0) 1576     
 ivec3(9, 8, 0) 1577     
 ivec3(10, 8, 0) 1578     
 ivec3(11, 8, 0) 1579     
 ivec3(12, 8, 0) 1580     
 ivec3(13, 8, 0) 1581     
 ivec3(0, 8, 1) 1582     
 ivec3(1, 8, 1) 1583     
 ivec3(2, 8, 1) 1584     
 ivec3(3, 8, 1) 1585     
 ivec3(4, 8, 1) 1586     
 ivec3(5, 8, 1) 1587     
 ivec3(6, 8, 1) 1588     
 ivec3(7, 8, 1) 1589     
 ivec3(8, 8, 1) 1590     
 ivec3(9, 8, 1) 1591     
 ivec3(10, 8, 1) 1592     
 ivec3(11, 8, 1) 1593     
 ivec3(12, 8, 1) 1594     
 ivec3(13, 8, 1) 1595     
 ivec3(0, 8, 2) 1596     
 ivec3(1, 8, 2) 1597     
 ivec3(2, 8, 2) 1598     
 ivec3(3, 8, 2) 1599     
 ivec3(4, 8, 2) 1600     
 ivec3(5, 8, 2) 1601     
 ivec3(6, 8, 2) 1602     
 ivec3(7, 8, 2) 1603     
 ivec3(8, 8, 2) 1604     
 ivec3(9, 8, 2) 1605     
 ivec3(10, 8, 2) 1606     
 ivec3(11, 8, 2) 1607     
 ivec3(12, 8, 2) 1608     
 ivec3(13, 8, 2) 1609     
 ivec3(0, 8, 3) 1610     
 ivec3(1, 8, 3) 1611     
 ivec3(2, 8, 3) 1612     
 ivec3(3, 8, 3) 1613     
 ivec3(4, 8, 3) 1614     
 ivec3(5, 8, 3) 1615     
 ivec3(6, 8, 3) 1616     
 ivec3(7, 8, 3) 1617     
 ivec3(8, 8, 3) 1618     
 ivec3(9, 8, 3) 1619     
 ivec3(10, 8, 3) 1620     
 ivec3(11, 8, 3) 1621     
 ivec3(12, 8, 3) 1622     
 ivec3(13, 8, 3) 1623     
 ivec3(0, 8, 4) 1624     
 ivec3(1, 8, 4) 1625     
 ivec3(2, 8, 4) 1626     
 ivec3(3, 8, 4) 1627     
 ivec3(4, 8, 4) 1628     
 ivec3(5, 8, 4) 1629     
 ivec3(6, 8, 4) 1630     
 ivec3(7, 8, 4) 1631     
 ivec3(8, 8, 4) 1632     
 ivec3(9, 8, 4) 1633     
 ivec3(10, 8, 4) 1634     
 ivec3(11, 8, 4) 1635     
 ivec3(12, 8, 4) 1636     
 ivec3(13, 8, 4) 1637     
 ivec3(0, 8, 5) 1638     
 ivec3(1, 8, 5) 1639     
 ivec3(2, 8, 5) 1640     
 ivec3(3, 8, 5) 1641     
 ivec3(4, 8, 5) 1642     
 ivec3(5, 8, 5) 1643     
 ivec3(6, 8, 5) 1644     
 ivec3(7, 8, 5) 1645     
 ivec3(8, 8, 5) 1646     
 ivec3(9, 8, 5) 1647     
 ivec3(10, 8, 5) 1648     
 ivec3(11, 8, 5) 1649     
 ivec3(12, 8, 5) 1650     
 ivec3(13, 8, 5) 1651     
 ivec3(0, 8, 6) 1652     
 ivec3(1, 8, 6) 1653     
 ivec3(2, 8, 6) 1654     
 ivec3(3, 8, 6) 1655     
 ivec3(4, 8, 6) 1656     
 ivec3(5, 8, 6) 1657     
 ivec3(6, 8, 6) 1658     
 ivec3(7, 8, 6) 1659     
 ivec3(8, 8, 6) 1660     
 ivec3(9, 8, 6) 1661     
 ivec3(10, 8, 6) 1662     
 ivec3(11, 8, 6) 1663     
 ivec3(12, 8, 6) 1664     
 ivec3(13, 8, 6) 1665     
 ivec3(0, 8, 7) 1666     
 ivec3(1, 8, 7) 1667     
 ivec3(2, 8, 7) 1668     
 ivec3(3, 8, 7) 1669     
 ivec3(4, 8, 7) 1670     
 ivec3(5, 8, 7) 1671     
 ivec3(6, 8, 7) 1672     
 ivec3(7, 8, 7) 1673     
 ivec3(8, 8, 7) 1674     
 ivec3(9, 8, 7) 1675     
 ivec3(10, 8, 7) 1676     
 ivec3(11, 8, 7) 1677     
 ivec3(12, 8, 7) 1678     
 ivec3(13, 8, 7) 1679     
 ivec3(0, 8, 8) 1680     
 ivec3(1, 8, 8) 1681     
 ivec3(2, 8, 8) 1682     
 ivec3(3, 8, 8) 1683     
 ivec3(4, 8, 8) 1684     
 ivec3(5, 8, 8) 1685     
 ivec3(6, 8, 8) 1686     
 ivec3(7, 8, 8) 1687     
 ivec3(8, 8, 8) 1688     
 ivec3(9, 8, 8) 1689     
 ivec3(10, 8, 8) 1690     
 ivec3(11, 8, 8) 1691     
 ivec3(12, 8, 8) 1692     
 ivec3(13, 8, 8) 1693     
 ivec3(0, 8, 9) 1694     
 ivec3(1, 8, 9) 1695     
 ivec3(2, 8, 9) 1696     
 ivec3(3, 8, 9) 1697     
 ivec3(4, 8, 9) 1698     
 ivec3(5, 8, 9) 1699     
 ivec3(6, 8, 9) 1700     
 ivec3(7, 8, 9) 1701     
 ivec3(8, 8, 9) 1702     
 ivec3(9, 8, 9) 1703     
 ivec3(10, 8, 9) 1704     
 ivec3(11, 8, 9) 1705     
 ivec3(12, 8, 9) 1706     
 ivec3(13, 8, 9) 1707     
 ivec3(0, 8, 10) 1708     
 ivec3(1, 8, 10) 1709     
 ivec3(2, 8, 10) 1710     
 ivec3(3, 8, 10) 1711     
 ivec3(4, 8, 10) 1712     
 ivec3(5, 8, 10) 1713     
 ivec3(6, 8, 10) 1714     
 ivec3(7, 8, 10) 1715     
 ivec3(8, 8, 10) 1716     
 ivec3(9, 8, 10) 1717     
 ivec3(10, 8, 10) 1718     
 ivec3(11, 8, 10) 1719     
 ivec3(12, 8, 10) 1720     
 ivec3(13, 8, 10) 1721     
 ivec3(0, 8, 11) 1722     
 ivec3(1, 8, 11) 1723     
 ivec3(2, 8, 11) 1724     
 ivec3(3, 8, 11) 1725     
 ivec3(4, 8, 11) 1726     
 ivec3(5, 8, 11) 1727     
 ivec3(6, 8, 11) 1728     
 ivec3(7, 8, 11) 1729     
 ivec3(8, 8, 11) 1730     
 ivec3(9, 8, 11) 1731     
 ivec3(10, 8, 11) 1732     
 ivec3(11, 8, 11) 1733     
 ivec3(12, 8, 11) 1734     
 ivec3(13, 8, 11) 1735     
 ivec3(0, 8, 12) 1736     
 ivec3(1, 8, 12) 1737     
 ivec3(2, 8, 12) 1738     
 ivec3(3, 8, 12) 1739     
 ivec3(4, 8, 12) 1740     
 ivec3(5, 8, 12) 1741     
 ivec3(6, 8, 12) 1742     
 ivec3(7, 8, 12) 1743     
 ivec3(8, 8, 12) 1744     
 ivec3(9, 8, 12) 1745     
 ivec3(10, 8, 12) 1746     
 ivec3(11, 8, 12) 1747     
 ivec3(12, 8, 12) 1748     
 ivec3(13, 8, 12) 1749     
 ivec3(0, 8, 13) 1750     
 ivec3(1, 8, 13) 1751     
 ivec3(2, 8, 13) 1752     
 ivec3(3, 8, 13) 1753     
 ivec3(4, 8, 13) 1754     
 ivec3(5, 8, 13) 1755     
 ivec3(6, 8, 13) 1756     
 ivec3(7, 8, 13) 1757     
 ivec3(8, 8, 13) 1758     
 ivec3(9, 8, 13) 1759     
 ivec3(10, 8, 13) 1760     
 ivec3(11, 8, 13) 1761     
 ivec3(12, 8, 13) 1762     
 ivec3(13, 8, 13) 1763     
 ivec3(0, 9, 0) 1764     
 ivec3(1, 9, 0) 1765     
 ivec3(2, 9, 0) 1766     
 ivec3(3, 9, 0) 1767     
 ivec3(4, 9, 0) 1768     
 ivec3(5, 9, 0) 1769     
 ivec3(6, 9, 0) 1770     
 ivec3(7, 9, 0) 1771     
 ivec3(8, 9, 0) 1772     
 ivec3(9, 9, 0) 1773     
 ivec3(10, 9, 0) 1774     
 ivec3(11, 9, 0) 1775     
 ivec3(12, 9, 0) 1776     
 ivec3(13, 9, 0) 1777     
 ivec3(0, 9, 1) 1778     
 ivec3(1, 9, 1) 1779     
 ivec3(2, 9, 1) 1780     
 ivec3(3, 9, 1) 1781     
 ivec3(4, 9, 1) 1782     
 ivec3(5, 9, 1) 1783     
 ivec3(6, 9, 1) 1784     
 ivec3(7, 9, 1) 1785     
 ivec3(8, 9, 1) 1786     
 ivec3(9, 9, 1) 1787     
 ivec3(10, 9, 1) 1788     
 ivec3(11, 9, 1) 1789     
 ivec3(12, 9, 1) 1790     
 ivec3(13, 9, 1) 1791     
 ivec3(0, 9, 2) 1792     
 ivec3(1, 9, 2) 1793     
 ivec3(2, 9, 2) 1794     
 ivec3(3, 9, 2) 1795     
 ivec3(4, 9, 2) 1796     
 ivec3(5, 9, 2) 1797     
 ivec3(6, 9, 2) 1798     
 ivec3(7, 9, 2) 1799     
 ivec3(8, 9, 2) 1800     
 ivec3(9, 9, 2) 1801     
 ivec3(10, 9, 2) 1802     
 ivec3(11, 9, 2) 1803     
 ivec3(12, 9, 2) 1804     
 ivec3(13, 9, 2) 1805     
 ivec3(0, 9, 3) 1806     
 ivec3(1, 9, 3) 1807     
 ivec3(2, 9, 3) 1808     
 ivec3(3, 9, 3) 1809     
 ivec3(4, 9, 3) 1810     
 ivec3(5, 9, 3) 1811     
 ivec3(6, 9, 3) 1812     
 ivec3(7, 9, 3) 1813     
 ivec3(8, 9, 3) 1814     
 ivec3(9, 9, 3) 1815     
 ivec3(10, 9, 3) 1816     
 ivec3(11, 9, 3) 1817     
 ivec3(12, 9, 3) 1818     
 ivec3(13, 9, 3) 1819     
 ivec3(0, 9, 4) 1820     
 ivec3(1, 9, 4) 1821     
 ivec3(2, 9, 4) 1822     
 ivec3(3, 9, 4) 1823     
 ivec3(4, 9, 4) 1824     
 ivec3(5, 9, 4) 1825     
 ivec3(6, 9, 4) 1826     
 ivec3(7, 9, 4) 1827     
 ivec3(8, 9, 4) 1828     
 ivec3(9, 9, 4) 1829     
 ivec3(10, 9, 4) 1830     
 ivec3(11, 9, 4) 1831     
 ivec3(12, 9, 4) 1832     
 ivec3(13, 9, 4) 1833     
 ivec3(0, 9, 5) 1834     
 ivec3(1, 9, 5) 1835     
 ivec3(2, 9, 5) 1836     
 ivec3(3, 9, 5) 1837     
 ivec3(4, 9, 5) 1838     
 ivec3(5, 9, 5) 1839     
 ivec3(6, 9, 5) 1840     
 ivec3(7, 9, 5) 1841     
 ivec3(8, 9, 5) 1842     
 ivec3(9, 9, 5) 1843     
 ivec3(10, 9, 5) 1844     
 ivec3(11, 9, 5) 1845     
 ivec3(12, 9, 5) 1846     
 ivec3(13, 9, 5) 1847     
 ivec3(0, 9, 6) 1848     
 ivec3(1, 9, 6) 1849     
 ivec3(2, 9, 6) 1850     
 ivec3(3, 9, 6) 1851     
 ivec3(4, 9, 6) 1852     
 ivec3(5, 9, 6) 1853     
 ivec3(6, 9, 6) 1854     
 ivec3(7, 9, 6) 1855     
 ivec3(8, 9, 6) 1856     
 ivec3(9, 9, 6) 1857     
 ivec3(10, 9, 6) 1858     
 ivec3(11, 9, 6) 1859     
 ivec3(12, 9, 6) 1860     
 ivec3(13, 9, 6) 1861     
 ivec3(0, 9, 7) 1862     
 ivec3(1, 9, 7) 1863     
 ivec3(2, 9, 7) 1864     
 ivec3(3, 9, 7) 1865     
 ivec3(4, 9, 7) 1866     
 ivec3(5, 9, 7) 1867     
 ivec3(6, 9, 7) 1868     
 ivec3(7, 9, 7) 1869     
 ivec3(8, 9, 7) 1870     
 ivec3(9, 9, 7) 1871     
 ivec3(10, 9, 7) 1872     
 ivec3(11, 9, 7) 1873     
 ivec3(12, 9, 7) 1874     
 ivec3(13, 9, 7) 1875     
 ivec3(0, 9, 8) 1876     
 ivec3(1, 9, 8) 1877     
 ivec3(2, 9, 8) 1878     
 ivec3(3, 9, 8) 1879     
 ivec3(4, 9, 8) 1880     
 ivec3(5, 9, 8) 1881     
 ivec3(6, 9, 8) 1882     
 ivec3(7, 9, 8) 1883     
 ivec3(8, 9, 8) 1884     
 ivec3(9, 9, 8) 1885     
 ivec3(10, 9, 8) 1886     
 ivec3(11, 9, 8) 1887     
 ivec3(12, 9, 8) 1888     
 ivec3(13, 9, 8) 1889     
 ivec3(0, 9, 9) 1890     
 ivec3(1, 9, 9) 1891     
 ivec3(2, 9, 9) 1892     
 ivec3(3, 9, 9) 1893     
 ivec3(4, 9, 9) 1894     
 ivec3(5, 9, 9) 1895     
 ivec3(6, 9, 9) 1896     
 ivec3(7, 9, 9) 1897     
 ivec3(8, 9, 9) 1898     
 ivec3(9, 9, 9) 1899     
 ivec3(10, 9, 9) 1900     
 ivec3(11, 9, 9) 1901     
 ivec3(12, 9, 9) 1902     
 ivec3(13, 9, 9) 1903     
 ivec3(0, 9, 10) 1904     
 ivec3(1, 9, 10) 1905     
 ivec3(2, 9, 10) 1906     
 ivec3(3, 9, 10) 1907     
 ivec3(4, 9, 10) 1908     
 ivec3(5, 9, 10) 1909     
 ivec3(6, 9, 10) 1910     
 ivec3(7, 9, 10) 1911     
 ivec3(8, 9, 10) 1912     
 ivec3(9, 9, 10) 1913     
 ivec3(10, 9, 10) 1914     
 ivec3(11, 9, 10) 1915     
 ivec3(12, 9, 10) 1916     
 ivec3(13, 9, 10) 1917     
 ivec3(0, 9, 11) 1918     
 ivec3(1, 9, 11) 1919     
 ivec3(2, 9, 11) 1920     
 ivec3(3, 9, 11) 1921     
 ivec3(4, 9, 11) 1922     
 ivec3(5, 9, 11) 1923     
 ivec3(6, 9, 11) 1924     
 ivec3(7, 9, 11) 1925     
 ivec3(8, 9, 11) 1926     
 ivec3(9, 9, 11) 1927     
 ivec3(10, 9, 11) 1928     
 ivec3(11, 9, 11) 1929     
 ivec3(12, 9, 11) 1930     
 ivec3(13, 9, 11) 1931     
 ivec3(0, 9, 12) 1932     
 ivec3(1, 9, 12) 1933     
 ivec3(2, 9, 12) 1934     
 ivec3(3, 9, 12) 1935     
 ivec3(4, 9, 12) 1936     
 ivec3(5, 9, 12) 1937     
 ivec3(6, 9, 12) 1938     
 ivec3(7, 9, 12) 1939     
 ivec3(8, 9, 12) 1940     
 ivec3(9, 9, 12) 1941     
 ivec3(10, 9, 12) 1942     
 ivec3(11, 9, 12) 1943     
 ivec3(12, 9, 12) 1944     
 ivec3(13, 9, 12) 1945     
 ivec3(0, 9, 13) 1946     
 ivec3(1, 9, 13) 1947     
 ivec3(2, 9, 13) 1948     
 ivec3(3, 9, 13) 1949     
 ivec3(4, 9, 13) 1950     
 ivec3(5, 9, 13) 1951     
 ivec3(6, 9, 13) 1952     
 ivec3(7, 9, 13) 1953     
 ivec3(8, 9, 13) 1954     
 ivec3(9, 9, 13) 1955     
 ivec3(10, 9, 13) 1956     
 ivec3(11, 9, 13) 1957     
 ivec3(12, 9, 13) 1958     
 ivec3(13, 9, 13) 1959     
 ivec3(0, 10, 0) 1960     
 ivec3(1, 10, 0) 1961     
 ivec3(2, 10, 0) 1962     
 ivec3(3, 10, 0) 1963     
 ivec3(4, 10, 0) 1964     
 ivec3(5, 10, 0) 1965     
 ivec3(6, 10, 0) 1966     
 ivec3(7, 10, 0) 1967     
 ivec3(8, 10, 0) 1968     
 ivec3(9, 10, 0) 1969     
 ivec3(10, 10, 0) 1970     
 ivec3(11, 10, 0) 1971     
 ivec3(12, 10, 0) 1972     
 ivec3(13, 10, 0) 1973     
 ivec3(0, 10, 1) 1974     
 ivec3(1, 10, 1) 1975     
 ivec3(2, 10, 1) 1976     
 ivec3(3, 10, 1) 1977     
 ivec3(4, 10, 1) 1978     
 ivec3(5, 10, 1) 1979     
 ivec3(6, 10, 1) 1980     
 ivec3(7, 10, 1) 1981     
 ivec3(8, 10, 1) 1982     
 ivec3(9, 10, 1) 1983     
 ivec3(10, 10, 1) 1984     
 ivec3(11, 10, 1) 1985     
 ivec3(12, 10, 1) 1986     
 ivec3(13, 10, 1) 1987     
 ivec3(0, 10, 2) 1988     
 ivec3(1, 10, 2) 1989     
 ivec3(2, 10, 2) 1990     
 ivec3(3, 10, 2) 1991     
 ivec3(4, 10, 2) 1992     
 ivec3(5, 10, 2) 1993     
 ivec3(6, 10, 2) 1994     
 ivec3(7, 10, 2) 1995     
 ivec3(8, 10, 2) 1996     
 ivec3(9, 10, 2) 1997     
 ivec3(10, 10, 2) 1998     
 ivec3(11, 10, 2) 1999     
 ivec3(12, 10, 2) 2000     
 ivec3(13, 10, 2) 2001     
 ivec3(0, 10, 3) 2002     
 ivec3(1, 10, 3) 2003     
 ivec3(2, 10, 3) 2004     
 ivec3(3, 10, 3) 2005     
 ivec3(4, 10, 3) 2006     
 ivec3(5, 10, 3) 2007     
 ivec3(6, 10, 3) 2008     
 ivec3(7, 10, 3) 2009     
 ivec3(8, 10, 3) 2010     
 ivec3(9, 10, 3) 2011     
 ivec3(10, 10, 3) 2012     
 ivec3(11, 10, 3) 2013     
 ivec3(12, 10, 3) 2014     
 ivec3(13, 10, 3) 2015     
 ivec3(0, 10, 4) 2016     
 ivec3(1, 10, 4) 2017     
 ivec3(2, 10, 4) 2018     
 ivec3(3, 10, 4) 2019     
 ivec3(4, 10, 4) 2020     
 ivec3(5, 10, 4) 2021     
 ivec3(6, 10, 4) 2022     
 ivec3(7, 10, 4) 2023     
 ivec3(8, 10, 4) 2024     
 ivec3(9, 10, 4) 2025     
 ivec3(10, 10, 4) 2026     
 ivec3(11, 10, 4) 2027     
 ivec3(12, 10, 4) 2028     
 ivec3(13, 10, 4) 2029     
 ivec3(0, 10, 5) 2030     
 ivec3(1, 10, 5) 2031     
 ivec3(2, 10, 5) 2032     
 ivec3(3, 10, 5) 2033     
 ivec3(4, 10, 5) 2034     
 ivec3(5, 10, 5) 2035     
 ivec3(6, 10, 5) 2036     
 ivec3(7, 10, 5) 2037     
 ivec3(8, 10, 5) 2038     
 ivec3(9, 10, 5) 2039     
 ivec3(10, 10, 5) 2040     
 ivec3(11, 10, 5) 2041     
 ivec3(12, 10, 5) 2042     
 ivec3(13, 10, 5) 2043     
 ivec3(0, 10, 6) 2044     
 ivec3(1, 10, 6) 2045     
 ivec3(2, 10, 6) 2046     
 ivec3(3, 10, 6) 2047     
 ivec3(4, 10, 6) 2048     
 ivec3(5, 10, 6) 2049     
 ivec3(6, 10, 6) 2050     
 ivec3(7, 10, 6) 2051     
 ivec3(8, 10, 6) 2052     
 ivec3(9, 10, 6) 2053     
 ivec3(10, 10, 6) 2054     
 ivec3(11, 10, 6) 2055     
 ivec3(12, 10, 6) 2056     
 ivec3(13, 10, 6) 2057     
 ivec3(0, 10, 7) 2058     
 ivec3(1, 10, 7) 2059     
 ivec3(2, 10, 7) 2060     
 ivec3(3, 10, 7) 2061     
 ivec3(4, 10, 7) 2062     
 ivec3(5, 10, 7) 2063     
 ivec3(6, 10, 7) 2064     
 ivec3(7, 10, 7) 2065     
 ivec3(8, 10, 7) 2066     
 ivec3(9, 10, 7) 2067     
 ivec3(10, 10, 7) 2068     
 ivec3(11, 10, 7) 2069     
 ivec3(12, 10, 7) 2070     
 ivec3(13, 10, 7) 2071     
 ivec3(0, 10, 8) 2072     
 ivec3(1, 10, 8) 2073     
 ivec3(2, 10, 8) 2074     
 ivec3(3, 10, 8) 2075     
 ivec3(4, 10, 8) 2076     
 ivec3(5, 10, 8) 2077     
 ivec3(6, 10, 8) 2078     
 ivec3(7, 10, 8) 2079     
 ivec3(8, 10, 8) 2080     
 ivec3(9, 10, 8) 2081     
 ivec3(10, 10, 8) 2082     
 ivec3(11, 10, 8) 2083     
 ivec3(12, 10, 8) 2084     
 ivec3(13, 10, 8) 2085     
 ivec3(0, 10, 9) 2086     
 ivec3(1, 10, 9) 2087     
 ivec3(2, 10, 9) 2088     
 ivec3(3, 10, 9) 2089     
 ivec3(4, 10, 9) 2090     
 ivec3(5, 10, 9) 2091     
 ivec3(6, 10, 9) 2092     
 ivec3(7, 10, 9) 2093     
 ivec3(8, 10, 9) 2094     
 ivec3(9, 10, 9) 2095     
 ivec3(10, 10, 9) 2096     
 ivec3(11, 10, 9) 2097     
 ivec3(12, 10, 9) 2098     
 ivec3(13, 10, 9) 2099     
 ivec3(0, 10, 10) 2100     
 ivec3(1, 10, 10) 2101     
 ivec3(2, 10, 10) 2102     
 ivec3(3, 10, 10) 2103     
 ivec3(4, 10, 10) 2104     
 ivec3(5, 10, 10) 2105     
 ivec3(6, 10, 10) 2106     
 ivec3(7, 10, 10) 2107     
 ivec3(8, 10, 10) 2108     
 ivec3(9, 10, 10) 2109     
 ivec3(10, 10, 10) 2110     
 ivec3(11, 10, 10) 2111     
 ivec3(12, 10, 10) 2112     
 ivec3(13, 10, 10) 2113     
 ivec3(0, 10, 11) 2114     
 ivec3(1, 10, 11) 2115     
 ivec3(2, 10, 11) 2116     
 ivec3(3, 10, 11) 2117     
 ivec3(4, 10, 11) 2118     
 ivec3(5, 10, 11) 2119     
 ivec3(6, 10, 11) 2120     
 ivec3(7, 10, 11) 2121     
 ivec3(8, 10, 11) 2122     
 ivec3(9, 10, 11) 2123     
 ivec3(10, 10, 11) 2124     
 ivec3(11, 10, 11) 2125     
 ivec3(12, 10, 11) 2126     
 ivec3(13, 10, 11) 2127     
 ivec3(0, 10, 12) 2128     
 ivec3(1, 10, 12) 2129     
 ivec3(2, 10, 12) 2130     
 ivec3(3, 10, 12) 2131     
 ivec3(4, 10, 12) 2132     
 ivec3(5, 10, 12) 2133     
 ivec3(6, 10, 12) 2134     
 ivec3(7, 10, 12) 2135     
 ivec3(8, 10, 12) 2136     
 ivec3(9, 10, 12) 2137     
 ivec3(10, 10, 12) 2138     
 ivec3(11, 10, 12) 2139     
 ivec3(12, 10, 12) 2140     
 ivec3(13, 10, 12) 2141     
 ivec3(0, 10, 13) 2142     
 ivec3(1, 10, 13) 2143     
 ivec3(2, 10, 13) 2144     
 ivec3(3, 10, 13) 2145     
 ivec3(4, 10, 13) 2146     
 ivec3(5, 10, 13) 2147     
 ivec3(6, 10, 13) 2148     
 ivec3(7, 10, 13) 2149     
 ivec3(8, 10, 13) 2150     
 ivec3(9, 10, 13) 2151     
 ivec3(10, 10, 13) 2152     
 ivec3(11, 10, 13) 2153     
 ivec3(12, 10, 13) 2154     
 ivec3(13, 10, 13) 2155     
 ivec3(0, 11, 0) 2156     
 ivec3(1, 11, 0) 2157     
 ivec3(2, 11, 0) 2158     
 ivec3(3, 11, 0) 2159     
 ivec3(4, 11, 0) 2160     
 ivec3(5, 11, 0) 2161     
 ivec3(6, 11, 0) 2162     
 ivec3(7, 11, 0) 2163     
 ivec3(8, 11, 0) 2164     
 ivec3(9, 11, 0) 2165     
 ivec3(10, 11, 0) 2166     
 ivec3(11, 11, 0) 2167     
 ivec3(12, 11, 0) 2168     
 ivec3(13, 11, 0) 2169     
 ivec3(0, 11, 1) 2170     
 ivec3(1, 11, 1) 2171     
 ivec3(2, 11, 1) 2172     
 ivec3(3, 11, 1) 2173     
 ivec3(4, 11, 1) 2174     
 ivec3(5, 11, 1) 2175     
 ivec3(6, 11, 1) 2176     
 ivec3(7, 11, 1) 2177     
 ivec3(8, 11, 1) 2178     
 ivec3(9, 11, 1) 2179     
 ivec3(10, 11, 1) 2180     
 ivec3(11, 11, 1) 2181     
 ivec3(12, 11, 1) 2182     
 ivec3(13, 11, 1) 2183     
 ivec3(0, 11, 2) 2184     
 ivec3(1, 11, 2) 2185     
 ivec3(2, 11, 2) 2186     
 ivec3(3, 11, 2) 2187     
 ivec3(4, 11, 2) 2188     
 ivec3(5, 11, 2) 2189     
 ivec3(6, 11, 2) 2190     
 ivec3(7, 11, 2) 2191     
 ivec3(8, 11, 2) 2192     
 ivec3(9, 11, 2) 2193     
 ivec3(10, 11, 2) 2194     
 ivec3(11, 11, 2) 2195     
 ivec3(12, 11, 2) 2196     
 ivec3(13, 11, 2) 2197     
 ivec3(0, 11, 3) 2198     
 ivec3(1, 11, 3) 2199     
 ivec3(2, 11, 3) 2200     
 ivec3(3, 11, 3) 2201     
 ivec3(4, 11, 3) 2202     
 ivec3(5, 11, 3) 2203     
 ivec3(6, 11, 3) 2204     
 ivec3(7, 11, 3) 2205     
 ivec3(8, 11, 3) 2206     
 ivec3(9, 11, 3) 2207     
 ivec3(10, 11, 3) 2208     
 ivec3(11, 11, 3) 2209     
 ivec3(12, 11, 3) 2210     
 ivec3(13, 11, 3) 2211     
 ivec3(0, 11, 4) 2212     
 ivec3(1, 11, 4) 2213     
 ivec3(2, 11, 4) 2214     
 ivec3(3, 11, 4) 2215     
 ivec3(4, 11, 4) 2216     
 ivec3(5, 11, 4) 2217     
 ivec3(6, 11, 4) 2218     
 ivec3(7, 11, 4) 2219     
 ivec3(8, 11, 4) 2220     
 ivec3(9, 11, 4) 2221     
 ivec3(10, 11, 4) 2222     
 ivec3(11, 11, 4) 2223     
 ivec3(12, 11, 4) 2224     
 ivec3(13, 11, 4) 2225     
 ivec3(0, 11, 5) 2226     
 ivec3(1, 11, 5) 2227     
 ivec3(2, 11, 5) 2228     
 ivec3(3, 11, 5) 2229     
 ivec3(4, 11, 5) 2230     
 ivec3(5, 11, 5) 2231     
 ivec3(6, 11, 5) 2232     
 ivec3(7, 11, 5) 2233     
 ivec3(8, 11, 5) 2234     
 ivec3(9, 11, 5) 2235     
 ivec3(10, 11, 5) 2236     
 ivec3(11, 11, 5) 2237     
 ivec3(12, 11, 5) 2238     
 ivec3(13, 11, 5) 2239     
 ivec3(0, 11, 6) 2240     
 ivec3(1, 11, 6) 2241     
 ivec3(2, 11, 6) 2242     
 ivec3(3, 11, 6) 2243     
 ivec3(4, 11, 6) 2244     
 ivec3(5, 11, 6) 2245     
 ivec3(6, 11, 6) 2246     
 ivec3(7, 11, 6) 2247     
 ivec3(8, 11, 6) 2248     
 ivec3(9, 11, 6) 2249     
 ivec3(10, 11, 6) 2250     
 ivec3(11, 11, 6) 2251     
 ivec3(12, 11, 6) 2252     
 ivec3(13, 11, 6) 2253     
 ivec3(0, 11, 7) 2254     
 ivec3(1, 11, 7) 2255     
 ivec3(2, 11, 7) 2256     
 ivec3(3, 11, 7) 2257     
 ivec3(4, 11, 7) 2258     
 ivec3(5, 11, 7) 2259     
 ivec3(6, 11, 7) 2260     
 ivec3(7, 11, 7) 2261     
 ivec3(8, 11, 7) 2262     
 ivec3(9, 11, 7) 2263     
 ivec3(10, 11, 7) 2264     
 ivec3(11, 11, 7) 2265     
 ivec3(12, 11, 7) 2266     
 ivec3(13, 11, 7) 2267     
 ivec3(0, 11, 8) 2268     
 ivec3(1, 11, 8) 2269     
 ivec3(2, 11, 8) 2270     
 ivec3(3, 11, 8) 2271     
 ivec3(4, 11, 8) 2272     
 ivec3(5, 11, 8) 2273     
 ivec3(6, 11, 8) 2274     
 ivec3(7, 11, 8) 2275     
 ivec3(8, 11, 8) 2276     
 ivec3(9, 11, 8) 2277     
 ivec3(10, 11, 8) 2278     
 ivec3(11, 11, 8) 2279     
 ivec3(12, 11, 8) 2280     
 ivec3(13, 11, 8) 2281     
 ivec3(0, 11, 9) 2282     
 ivec3(1, 11, 9) 2283     
 ivec3(2, 11, 9) 2284     
 ivec3(3, 11, 9) 2285     
 ivec3(4, 11, 9) 2286     
 ivec3(5, 11, 9) 2287     
 ivec3(6, 11, 9) 2288     
 ivec3(7, 11, 9) 2289     
 ivec3(8, 11, 9) 2290     
 ivec3(9, 11, 9) 2291     
 ivec3(10, 11, 9) 2292     
 ivec3(11, 11, 9) 2293     
 ivec3(12, 11, 9) 2294     
 ivec3(13, 11, 9) 2295     
 ivec3(0, 11, 10) 2296     
 ivec3(1, 11, 10) 2297     
 ivec3(2, 11, 10) 2298     
 ivec3(3, 11, 10) 2299     
 ivec3(4, 11, 10) 2300     
 ivec3(5, 11, 10) 2301     
 ivec3(6, 11, 10) 2302     
 ivec3(7, 11, 10) 2303     
 ivec3(8, 11, 10) 2304     
 ivec3(9, 11, 10) 2305     
 ivec3(10, 11, 10) 2306     
 ivec3(11, 11, 10) 2307     
 ivec3(12, 11, 10) 2308     
 ivec3(13, 11, 10) 2309     
 ivec3(0, 11, 11) 2310     
 ivec3(1, 11, 11) 2311     
 ivec3(2, 11, 11) 2312     
 ivec3(3, 11, 11) 2313     
 ivec3(4, 11, 11) 2314     
 ivec3(5, 11, 11) 2315     
 ivec3(6, 11, 11) 2316     
 ivec3(7, 11, 11) 2317     
 ivec3(8, 11, 11) 2318     
 ivec3(9, 11, 11) 2319     
 ivec3(10, 11, 11) 2320     
 ivec3(11, 11, 11) 2321     
 ivec3(12, 11, 11) 2322     
 ivec3(13, 11, 11) 2323     
 ivec3(0, 11, 12) 2324     
 ivec3(1, 11, 12) 2325     
 ivec3(2, 11, 12) 2326     
 ivec3(3, 11, 12) 2327     
 ivec3(4, 11, 12) 2328     
 ivec3(5, 11, 12) 2329     
 ivec3(6, 11, 12) 2330     
 ivec3(7, 11, 12) 2331     
 ivec3(8, 11, 12) 2332     
 ivec3(9, 11, 12) 2333     
 ivec3(10, 11, 12) 2334     
 ivec3(11, 11, 12) 2335     
 ivec3(12, 11, 12) 2336     
 ivec3(13, 11, 12) 2337     
 ivec3(0, 11, 13) 2338     
 ivec3(1, 11, 13) 2339     
 ivec3(2, 11, 13) 2340     
 ivec3(3, 11, 13) 2341     
 ivec3(4, 11, 13) 2342     
 ivec3(5, 11, 13) 2343     
 ivec3(6, 11, 13) 2344     
 ivec3(7, 11, 13) 2345     
 ivec3(8, 11, 13) 2346     
 ivec3(9, 11, 13) 2347     
 ivec3(10, 11, 13) 2348     
 ivec3(11, 11, 13) 2349     
 ivec3(12, 11, 13) 2350     
 ivec3(13, 11, 13) 2351     
 ivec3(0, 12, 0) 2352     
 ivec3(1, 12, 0) 2353     
 ivec3(2, 12, 0) 2354     
 ivec3(3, 12, 0) 2355     
 ivec3(4, 12, 0) 2356     
 ivec3(5, 12, 0) 2357     
 ivec3(6, 12, 0) 2358     
 ivec3(7, 12, 0) 2359     
 ivec3(8, 12, 0) 2360     
 ivec3(9, 12, 0) 2361     
 ivec3(10, 12, 0) 2362     
 ivec3(11, 12, 0) 2363     
 ivec3(12, 12, 0) 2364     
 ivec3(13, 12, 0) 2365     
 ivec3(0, 12, 1) 2366     
 ivec3(1, 12, 1) 2367     
 ivec3(2, 12, 1) 2368     
 ivec3(3, 12, 1) 2369     
 ivec3(4, 12, 1) 2370     
 ivec3(5, 12, 1) 2371     
 ivec3(6, 12, 1) 2372     
 ivec3(7, 12, 1) 2373     
 ivec3(8, 12, 1) 2374     
 ivec3(9, 12, 1) 2375     
 ivec3(10, 12, 1) 2376     
 ivec3(11, 12, 1) 2377     
 ivec3(12, 12, 1) 2378     
 ivec3(13, 12, 1) 2379     
 ivec3(0, 12, 2) 2380     
 ivec3(1, 12, 2) 2381     
 ivec3(2, 12, 2) 2382     
 ivec3(3, 12, 2) 2383     
 ivec3(4, 12, 2) 2384     
 ivec3(5, 12, 2) 2385     
 ivec3(6, 12, 2) 2386     
 ivec3(7, 12, 2) 2387     
 ivec3(8, 12, 2) 2388     
 ivec3(9, 12, 2) 2389     
 ivec3(10, 12, 2) 2390     
 ivec3(11, 12, 2) 2391     
 ivec3(12, 12, 2) 2392     
 ivec3(13, 12, 2) 2393     
 ivec3(0, 12, 3) 2394     
 ivec3(1, 12, 3) 2395     
 ivec3(2, 12, 3) 2396     
 ivec3(3, 12, 3) 2397     
 ivec3(4, 12, 3) 2398     
 ivec3(5, 12, 3) 2399     
 ivec3(6, 12, 3) 2400     
 ivec3(7, 12, 3) 2401     
 ivec3(8, 12, 3) 2402     
 ivec3(9, 12, 3) 2403     
 ivec3(10, 12, 3) 2404     
 ivec3(11, 12, 3) 2405     
 ivec3(12, 12, 3) 2406     
 ivec3(13, 12, 3) 2407     
 ivec3(0, 12, 4) 2408     
 ivec3(1, 12, 4) 2409     
 ivec3(2, 12, 4) 2410     
 ivec3(3, 12, 4) 2411     
 ivec3(4, 12, 4) 2412     
 ivec3(5, 12, 4) 2413     
 ivec3(6, 12, 4) 2414     
 ivec3(7, 12, 4) 2415     
 ivec3(8, 12, 4) 2416     
 ivec3(9, 12, 4) 2417     
 ivec3(10, 12, 4) 2418     
 ivec3(11, 12, 4) 2419     
 ivec3(12, 12, 4) 2420     
 ivec3(13, 12, 4) 2421     
 ivec3(0, 12, 5) 2422     
 ivec3(1, 12, 5) 2423     
 ivec3(2, 12, 5) 2424     
 ivec3(3, 12, 5) 2425     
 ivec3(4, 12, 5) 2426     
 ivec3(5, 12, 5) 2427     
 ivec3(6, 12, 5) 2428     
 ivec3(7, 12, 5) 2429     
 ivec3(8, 12, 5) 2430     
 ivec3(9, 12, 5) 2431     
 ivec3(10, 12, 5) 2432     
 ivec3(11, 12, 5) 2433     
 ivec3(12, 12, 5) 2434     
 ivec3(13, 12, 5) 2435     
 ivec3(0, 12, 6) 2436     
 ivec3(1, 12, 6) 2437     
 ivec3(2, 12, 6) 2438     
 ivec3(3, 12, 6) 2439     
 ivec3(4, 12, 6) 2440     
 ivec3(5, 12, 6) 2441     
 ivec3(6, 12, 6) 2442     
 ivec3(7, 12, 6) 2443     
 ivec3(8, 12, 6) 2444     
 ivec3(9, 12, 6) 2445     
 ivec3(10, 12, 6) 2446     
 ivec3(11, 12, 6) 2447     
 ivec3(12, 12, 6) 2448     
 ivec3(13, 12, 6) 2449     
 ivec3(0, 12, 7) 2450     
 ivec3(1, 12, 7) 2451     
 ivec3(2, 12, 7) 2452     
 ivec3(3, 12, 7) 2453     
 ivec3(4, 12, 7) 2454     
 ivec3(5, 12, 7) 2455     
 ivec3(6, 12, 7) 2456     
 ivec3(7, 12, 7) 2457     
 ivec3(8, 12, 7) 2458     
 ivec3(9, 12, 7) 2459     
 ivec3(10, 12, 7) 2460     
 ivec3(11, 12, 7) 2461     
 ivec3(12, 12, 7) 2462     
 ivec3(13, 12, 7) 2463     
 ivec3(0, 12, 8) 2464     
 ivec3(1, 12, 8) 2465     
 ivec3(2, 12, 8) 2466     
 ivec3(3, 12, 8) 2467     
 ivec3(4, 12, 8) 2468     
 ivec3(5, 12, 8) 2469     
 ivec3(6, 12, 8) 2470     
 ivec3(7, 12, 8) 2471     
 ivec3(8, 12, 8) 2472     
 ivec3(9, 12, 8) 2473     
 ivec3(10, 12, 8) 2474     
 ivec3(11, 12, 8) 2475     
 ivec3(12, 12, 8) 2476     
 ivec3(13, 12, 8) 2477     
 ivec3(0, 12, 9) 2478     
 ivec3(1, 12, 9) 2479     
 ivec3(2, 12, 9) 2480     
 ivec3(3, 12, 9) 2481     
 ivec3(4, 12, 9) 2482     
 ivec3(5, 12, 9) 2483     
 ivec3(6, 12, 9) 2484     
 ivec3(7, 12, 9) 2485     
 ivec3(8, 12, 9) 2486     
 ivec3(9, 12, 9) 2487     
 ivec3(10, 12, 9) 2488     
 ivec3(11, 12, 9) 2489     
 ivec3(12, 12, 9) 2490     
 ivec3(13, 12, 9) 2491     
 ivec3(0, 12, 10) 2492     
 ivec3(1, 12, 10) 2493     
 ivec3(2, 12, 10) 2494     
 ivec3(3, 12, 10) 2495     
 ivec3(4, 12, 10) 2496     
 ivec3(5, 12, 10) 2497     
 ivec3(6, 12, 10) 2498     
 ivec3(7, 12, 10) 2499     
 ivec3(8, 12, 10) 2500     
 ivec3(9, 12, 10) 2501     
 ivec3(10, 12, 10) 2502     
 ivec3(11, 12, 10) 2503     
 ivec3(12, 12, 10) 2504     
 ivec3(13, 12, 10) 2505     
 ivec3(0, 12, 11) 2506     
 ivec3(1, 12, 11) 2507     
 ivec3(2, 12, 11) 2508     
 ivec3(3, 12, 11) 2509     
 ivec3(4, 12, 11) 2510     
 ivec3(5, 12, 11) 2511     
 ivec3(6, 12, 11) 2512     
 ivec3(7, 12, 11) 2513     
 ivec3(8, 12, 11) 2514     
 ivec3(9, 12, 11) 2515     
 ivec3(10, 12, 11) 2516     
 ivec3(11, 12, 11) 2517     
 ivec3(12, 12, 11) 2518     
 ivec3(13, 12, 11) 2519     
 ivec3(0, 12, 12) 2520     
 ivec3(1, 12, 12) 2521     
 ivec3(2, 12, 12) 2522     
 ivec3(3, 12, 12) 2523     
 ivec3(4, 12, 12) 2524     
 ivec3(5, 12, 12) 2525     
 ivec3(6, 12, 12) 2526     
 ivec3(7, 12, 12) 2527     
 ivec3(8, 12, 12) 2528     
 ivec3(9, 12, 12) 2529     
 ivec3(10, 12, 12) 2530     
 ivec3(11, 12, 12) 2531     
 ivec3(12, 12, 12) 2532     
 ivec3(13, 12, 12) 2533     
 ivec3(0, 12, 13) 2534     
 ivec3(1, 12, 13) 2535     
 ivec3(2, 12, 13) 2536     
 ivec3(3, 12, 13) 2537     
 ivec3(4, 12, 13) 2538     
 ivec3(5, 12, 13) 2539     
 ivec3(6, 12, 13) 2540     
 ivec3(7, 12, 13) 2541     
 ivec3(8, 12, 13) 2542     
 ivec3(9, 12, 13) 2543     
 ivec3(10, 12, 13) 2544     
 ivec3(11, 12, 13) 2545     
 ivec3(12, 12, 13) 2546     
 ivec3(13, 12, 13) 2547     
 ivec3(0, 13, 0) 2548     
 ivec3(1, 13, 0) 2549     
 ivec3(2, 13, 0) 2550     
 ivec3(3, 13, 0) 2551     
 ivec3(4, 13, 0) 2552     
 ivec3(5, 13, 0) 2553     
 ivec3(6, 13, 0) 2554     
 ivec3(7, 13, 0) 2555     
 ivec3(8, 13, 0) 2556     
 ivec3(9, 13, 0) 2557     
 ivec3(10, 13, 0) 2558     
 ivec3(11, 13, 0) 2559     
 ivec3(12, 13, 0) 2560     
 ivec3(13, 13, 0) 2561     
 ivec3(0, 13, 1) 2562     
 ivec3(1, 13, 1) 2563     
 ivec3(2, 13, 1) 2564     
 ivec3(3, 13, 1) 2565     
 ivec3(4, 13, 1) 2566     
 ivec3(5, 13, 1) 2567     
 ivec3(6, 13, 1) 2568     
 ivec3(7, 13, 1) 2569     
 ivec3(8, 13, 1) 2570     
 ivec3(9, 13, 1) 2571     
 ivec3(10, 13, 1) 2572     
 ivec3(11, 13, 1) 2573     
 ivec3(12, 13, 1) 2574     
 ivec3(13, 13, 1) 2575     
 ivec3(0, 13, 2) 2576     
 ivec3(1, 13, 2) 2577     
 ivec3(2, 13, 2) 2578     
 ivec3(3, 13, 2) 2579     
 ivec3(4, 13, 2) 2580     
 ivec3(5, 13, 2) 2581     
 ivec3(6, 13, 2) 2582     
 ivec3(7, 13, 2) 2583     
 ivec3(8, 13, 2) 2584     
 ivec3(9, 13, 2) 2585     
 ivec3(10, 13, 2) 2586     
 ivec3(11, 13, 2) 2587     
 ivec3(12, 13, 2) 2588     
 ivec3(13, 13, 2) 2589     
 ivec3(0, 13, 3) 2590     
 ivec3(1, 13, 3) 2591     
 ivec3(2, 13, 3) 2592     
 ivec3(3, 13, 3) 2593     
 ivec3(4, 13, 3) 2594     
 ivec3(5, 13, 3) 2595     
 ivec3(6, 13, 3) 2596     
 ivec3(7, 13, 3) 2597     
 ivec3(8, 13, 3) 2598     
 ivec3(9, 13, 3) 2599     
 ivec3(10, 13, 3) 2600     
 ivec3(11, 13, 3) 2601     
 ivec3(12, 13, 3) 2602     
 ivec3(13, 13, 3) 2603     
 ivec3(0, 13, 4) 2604     
 ivec3(1, 13, 4) 2605     
 ivec3(2, 13, 4) 2606     
 ivec3(3, 13, 4) 2607     
 ivec3(4, 13, 4) 2608     
 ivec3(5, 13, 4) 2609     
 ivec3(6, 13, 4) 2610     
 ivec3(7, 13, 4) 2611     
 ivec3(8, 13, 4) 2612     
 ivec3(9, 13, 4) 2613     
 ivec3(10, 13, 4) 2614     
 ivec3(11, 13, 4) 2615     
 ivec3(12, 13, 4) 2616     
 ivec3(13, 13, 4) 2617     
 ivec3(0, 13, 5) 2618     
 ivec3(1, 13, 5) 2619     
 ivec3(2, 13, 5) 2620     
 ivec3(3, 13, 5) 2621     
 ivec3(4, 13, 5) 2622     
 ivec3(5, 13, 5) 2623     
 ivec3(6, 13, 5) 2624     
 ivec3(7, 13, 5) 2625     
 ivec3(8, 13, 5) 2626     
 ivec3(9, 13, 5) 2627     
 ivec3(10, 13, 5) 2628     
 ivec3(11, 13, 5) 2629     
 ivec3(12, 13, 5) 2630     
 ivec3(13, 13, 5) 2631     
 ivec3(0, 13, 6) 2632     
 ivec3(1, 13, 6) 2633     
 ivec3(2, 13, 6) 2634     
 ivec3(3, 13, 6) 2635     
 ivec3(4, 13, 6) 2636     
 ivec3(5, 13, 6) 2637     
 ivec3(6, 13, 6) 2638     
 ivec3(7, 13, 6) 2639     
 ivec3(8, 13, 6) 2640     
 ivec3(9, 13, 6) 2641     
 ivec3(10, 13, 6) 2642     
 ivec3(11, 13, 6) 2643     
 ivec3(12, 13, 6) 2644     
 ivec3(13, 13, 6) 2645     
 ivec3(0, 13, 7) 2646     
 ivec3(1, 13, 7) 2647     
 ivec3(2, 13, 7) 2648     
 ivec3(3, 13, 7) 2649     
 ivec3(4, 13, 7) 2650     
 ivec3(5, 13, 7) 2651     
 ivec3(6, 13, 7) 2652     
 ivec3(7, 13, 7) 2653     
 ivec3(8, 13, 7) 2654     
 ivec3(9, 13, 7) 2655     
 ivec3(10, 13, 7) 2656     
 ivec3(11, 13, 7) 2657     
 ivec3(12, 13, 7) 2658     
 ivec3(13, 13, 7) 2659     
 ivec3(0, 13, 8) 2660     
 ivec3(1, 13, 8) 2661     
 ivec3(2, 13, 8) 2662     
 ivec3(3, 13, 8) 2663     
 ivec3(4, 13, 8) 2664     
 ivec3(5, 13, 8) 2665     
 ivec3(6, 13, 8) 2666     
 ivec3(7, 13, 8) 2667     
 ivec3(8, 13, 8) 2668     
 ivec3(9, 13, 8) 2669     
 ivec3(10, 13, 8) 2670     
 ivec3(11, 13, 8) 2671     
 ivec3(12, 13, 8) 2672     
 ivec3(13, 13, 8) 2673     
 ivec3(0, 13, 9) 2674     
 ivec3(1, 13, 9) 2675     
 ivec3(2, 13, 9) 2676     
 ivec3(3, 13, 9) 2677     
 ivec3(4, 13, 9) 2678     
 ivec3(5, 13, 9) 2679     
 ivec3(6, 13, 9) 2680     
 ivec3(7, 13, 9) 2681     
 ivec3(8, 13, 9) 2682     
 ivec3(9, 13, 9) 2683     
 ivec3(10, 13, 9) 2684     
 ivec3(11, 13, 9) 2685     
 ivec3(12, 13, 9) 2686     
 ivec3(13, 13, 9) 2687     
 ivec3(0, 13, 10) 2688     
 ivec3(1, 13, 10) 2689     
 ivec3(2, 13, 10) 2690     
 ivec3(3, 13, 10) 2691     
 ivec3(4, 13, 10) 2692     
 ivec3(5, 13, 10) 2693     
 ivec3(6, 13, 10) 2694     
 ivec3(7, 13, 10) 2695     
 ivec3(8, 13, 10) 2696     
 ivec3(9, 13, 10) 2697     
 ivec3(10, 13, 10) 2698     
 ivec3(11, 13, 10) 2699     
 ivec3(12, 13, 10) 2700     
 ivec3(13, 13, 10) 2701     
 ivec3(0, 13, 11) 2702     
 ivec3(1, 13, 11) 2703     
 ivec3(2, 13, 11) 2704     
 ivec3(3, 13, 11) 2705     
 ivec3(4, 13, 11) 2706     
 ivec3(5, 13, 11) 2707     
 ivec3(6, 13, 11) 2708     
 ivec3(7, 13, 11) 2709     
 ivec3(8, 13, 11) 2710     
 ivec3(9, 13, 11) 2711     
 ivec3(10, 13, 11) 2712     
 ivec3(11, 13, 11) 2713     
 ivec3(12, 13, 11) 2714     
 ivec3(13, 13, 11) 2715     
 ivec3(0, 13, 12) 2716     
 ivec3(1, 13, 12) 2717     
 ivec3(2, 13, 12) 2718     
 ivec3(3, 13, 12) 2719     
 ivec3(4, 13, 12) 2720     
 ivec3(5, 13, 12) 2721     
 ivec3(6, 13, 12) 2722     
 ivec3(7, 13, 12) 2723     
 ivec3(8, 13, 12) 2724     
 ivec3(9, 13, 12) 2725     
 ivec3(10, 13, 12) 2726     
 ivec3(11, 13, 12) 2727     
 ivec3(12, 13, 12) 2728     
 ivec3(13, 13, 12) 2729     
 ivec3(0, 13, 13) 2730     
 ivec3(1, 13, 13) 2731     
 ivec3(2, 13, 13) 2732     
 ivec3(3, 13, 13) 2733     
 ivec3(4, 13, 13) 2734     
 ivec3(5, 13, 13) 2735     
 ivec3(6, 13, 13) 2736     
 ivec3(7, 13, 13) 2737     
 ivec3(8, 13, 13) 2738     
 ivec3(9, 13, 13) 2739     
 ivec3(10, 13, 13) 2740     
 ivec3(11, 13, 13) 2741     
 ivec3(12, 13, 13) 2742     
 ivec3(13, 13, 13) 2743     

 F = Ax + By + Cz
